      0.36639178       3.7246445
      0.16621614       3.8367499
       1.1448787      0.80583829
       1.0975933      0.41402629
      0.34806299       2.9100819
      0.53648424      0.19814534
       1.2023331      0.22887000
       1.2753339      0.70360641
      0.68609339      0.22957557
      0.20778523       4.4858570
      0.83409262       1.4983941
      0.57608390      0.23223741
       1.0190893       1.5840892
      0.52496564       1.4581656
      0.72210163      0.72608211
      0.68396562       1.1391350
      0.45616058      0.51443787
       1.2889851      0.85877376
      0.32526547       1.4071103
       1.0699379       3.0232837
      0.19688952      0.66223136
      0.87935066       3.0217819
      0.98612833       3.0458651
       1.0833672      0.93330743
      0.62957102       1.1197114
      0.39104846      0.35626538
      0.28997183       1.1782536
       1.0172471      0.30196275
       1.1559244       1.9923400
      0.23308092       1.9140290
      0.42890376       5.0559960
      0.34498569       3.9437365
      0.59708202       3.3645997
      0.24291444      0.78073345
      0.45529589      0.68608084
       1.1534836       2.1089050
      0.85454547       3.6827865
      0.72841030       3.0960226
      0.79580534       3.3918228
      0.69056320      0.85915299
      0.81991506      0.17445927
      0.97824532       2.6837508
      0.41898292       2.0788888
      0.11749690      0.21036672
      0.44162303       2.8329019
      0.21203563      0.50021389
      0.40430582       2.2038119
       1.0918651       2.2529155
      0.49307671       2.0596269
       1.1001912       1.2613046
      0.27299714       1.0179945
       1.1708932       1.6940505
      0.29873541      0.22672151
       1.2496161      0.30861598
       1.2567166       2.9406414
      0.77360451      0.33333925
       1.2522720      0.85758718
      0.20865843      0.30123111
      0.32609758      0.31990903
       1.2951866       1.9578182
      0.12916787       1.6381449
      0.67288208      0.87833998
      0.34546664       4.9768136
      0.92189872       1.4011055
      0.93981230      0.41869689
       1.1120503       2.6731917
       1.0354174       2.6661947
      0.83934975       2.6727779
      0.12751971       1.0747078
      0.77582496       2.3416672
      0.79319543       2.3332701
      0.54179460       2.9533114
      0.10197061       3.3277548
      0.92911744       3.6641953
      0.71856707      0.56075058
       1.0794011       2.9647938
      0.86775422      0.38565466
       1.2107722      0.79517744
       1.2827493      0.72469910
      0.10688207       1.7300159
      0.41091710       2.2918913
      0.96467149      0.75662792
       1.0629963       2.7442462
      0.90047091      0.98048769
       1.1445796       1.1796465
      0.33971846       1.9453296
       1.2072995       3.3852341
      0.93599790      0.65876902
      0.10265706      0.60385620
      0.79049641       4.0913836
      0.66338605      0.63601278
      0.79566568       2.4693945
       1.2777624       1.5276946
      0.17740828      0.32154502
      0.57873374      0.21896301
      0.31269532       1.7166114
       1.0764790      0.95791176
      0.50983250      0.19133420
      0.75574780       2.7991498
      0.83044308       3.6381670
       1.0250249       3.0320523
      0.33456993      0.87676244
      0.68191731      0.44452726
      0.24585816      0.97101713
      0.13493387      0.25089967
       1.2216153      0.39788081
      0.20383081      0.75137459
      0.47317588       2.8882962
      0.23374456      0.46892907
      0.66917986       1.5776954
      0.40149412       2.1879993
      0.17465386      0.32690420
       1.2578983      0.48223613
      0.43041289      0.63907650
      0.85811925      0.52195141
      0.37118605       1.1469479
       1.0799922       3.0534486
       1.2316642       1.2882854
      0.77929837       1.5587452
      0.55272955       1.2152800
      0.86242741       3.7126403
      0.56068313      0.87629577
       1.0742828       3.8541155
      0.46240231       1.7734697
       1.2120191       2.3197668
      0.33415717       3.5613685
       1.1951520      0.42927541
      0.98357755       1.1713032
       1.0897728       2.2688922
       1.2127625       1.0721758
      0.21304327      0.77117953
      0.92107928      0.40380457
      0.53325808      0.68735103
      0.60904688       4.9214496
      0.14261085       1.8297423
      0.77962160       4.4825445
      0.75563002       3.3683552
      0.35797504       1.1066331
       1.0553712       2.6383165
      0.28843734       1.0599871
      0.16137137      0.21721395
       1.1029769       1.4169386
      0.32640126       1.8812173
       1.1140662      0.97967130
      0.53857332      0.19465598
      0.87241846      0.72559121
      0.39314902      0.30034795
      0.26108888      0.39791782
       1.0541049       3.5738179
      0.31206691      0.14700943
      0.52251393      0.68364691
      0.48264149      0.74746136
      0.86665320      0.25496960
       1.2472583       1.3038943
      0.69209808       2.0157555
      0.37190220       1.0010154
      0.80019963      0.26186426
       1.1688259       2.0204015
       1.2271591       1.5810593
       1.2191136      0.29134742
       1.2322481      0.63533226
      0.20212603       1.3225582
      0.23403090      0.16339518
       1.0736612       2.8480218
       1.1122659       3.5672580
       1.2933174      0.41249825
      0.51523376      0.19659349
      0.52326775      0.91068917
      0.22099273      0.88716194
      0.68087232      0.63282038
      0.56009084      0.55672961
      0.99055612      0.19232813
      0.71242577       1.8433817
      0.54732913      0.50135208
       1.2533237       2.1894762
      0.14218901       1.3169324
      0.54581511       1.4619295
      0.28319573      0.36224823
      0.11484329       1.0062933
      0.48603618      0.80166586
       1.1316482      0.28846979
      0.24100938      0.22505667
      0.23333290       1.8218875
      0.53162187       3.8328375
      0.67400682      0.33258877
      0.93711799       4.2648615
       1.1199760       1.6121620
       1.0506896      0.24343177
      0.71768552      0.17212658
      0.63540411       2.9499524
      0.63592941      0.51929713
       1.2648973      0.67137111
       1.0605717       3.2231727
      0.71285623      0.77794590
      0.12446965      0.92541250
      0.68331873       1.8760427
      0.78714240       1.1912809
      0.16409527      0.42106759
      0.59366035      0.63568862
      0.39559942      0.16475186
       1.2821641       2.0071273
       1.0071118       2.8718943
       1.0616817      0.53008435
      0.85299605       3.2858443
      0.16475451      0.20775377
      0.99763060      0.25990834
      0.32857332       1.1350101
       1.2852355       2.1219385
      0.64290261      0.43167937
      0.80792403       3.8976443
      0.94353044       3.2627596
      0.70765102      0.31386201
      0.49845776      0.29248481
      0.36073944      0.20334739
      0.53197986       2.7798453
      0.78888816       3.7976401
       1.2057647       1.5704790
       1.0382978       3.1265301
       1.2443565      0.24780595
       1.0962585      0.63511586
      0.58922285       1.3061962
      0.38928479      0.16510355
       1.1782854       1.9220256
       1.1259563       2.5023017
      0.49630386       4.4551116
      0.27113977       1.4479964
      0.19928628       2.3061736
       1.0118643       1.8290767
      0.73206103       2.5915787
       1.2202520       2.7085842
      0.89301324       1.0875578
      0.95917380       2.6360348
       1.1715810      0.21974763
      0.25366163      0.39406917
       1.2581891       2.0304246
      0.24678159      0.71987648
       1.0239191      0.17297954
      0.82637244       4.3105969
       1.0109189       1.7083119
       1.2803159      0.52384724
      0.95205879       1.6216067
       1.1853725       2.7139380
      0.94186336      0.23729445
      0.41324341      0.52680980
       1.0207976      0.20895010
      0.81607717      0.41722107
       1.2692194       1.1725666
      0.50081813       2.0095281
      0.54845738      0.94420220
      0.63460416      0.59635187
      0.19966532      0.40433695
      0.87391055      0.17423299
      0.38756850      0.17346710
      0.51000881      0.62939700
      0.36577928       1.4967888
       1.1129680       2.6765887
      0.53631973      0.24577926
      0.85397053       3.8152625
       1.0723770      0.17744931
      0.34022138      0.18917644
      0.17211540      0.35992970
      0.55715621       4.7524109
      0.63969225      0.49182777
      0.72821468      0.42343204
       1.0758046      0.35479076
      0.91045129       3.4758881
      0.41708604      0.19249757
      0.43751070      0.17008575
      0.17608118       2.1933800
       1.0041213       3.2882782
      0.39052919      0.64339971
      0.94187224       2.8798854
      0.20208456      0.33134349
      0.21522981       2.9498154
       1.0693328       1.7359865
      0.22238618      0.16345480
      0.30430007      0.36359303
      0.51276582      0.99084722
      0.33441353       3.2079613
       1.0840014      0.40275729
       1.0775703       1.4566299
       1.2095749       1.9051995
       1.0723425       2.3575289
       1.0097827       2.5280244
      0.80724865       4.2366785
       1.1548979       2.4127150
       1.1976812      0.95618330
       1.1249739       1.2588321
      0.17178597      0.29829475
      0.30453801       1.4292062
       1.2579960       3.1173849
      0.80166078      0.54965025
      0.78517026       1.3977743
      0.52083224       4.7232381
      0.46302170       4.9859977
      0.98638159       2.1746220
       1.0908469       3.7316242
      0.13476498      0.73955126
      0.89130068       2.5706997
      0.30755419      0.36603223
       1.2838017      0.24630268
      0.26066673      0.33382098
      0.22898743       1.2798922
       1.2762754       1.0000870
      0.79710227      0.36515725
       1.2184714       1.6865712
      0.66739374      0.25367799
      0.94746488       1.4918618
      0.88272494      0.61952939
       1.2232521      0.94967328
      0.39023083      0.30826528
      0.98462319       2.4395000
      0.13735607       1.9779646
      0.56141722       4.1529145
      0.75307882       4.4011052
       1.1676251       1.5660076
      0.53765219      0.17333170
      0.79118520       3.8756289
       1.1707999      0.58550774
       1.0952375      0.38508130
      0.65121472      0.42730699
      0.21437672       2.6824249
      0.60238492      0.27723855
      0.24980482      0.45551162
      0.85948664       4.0268640
      0.96828991       2.8151036
      0.73261458      0.37336241
      0.34933493       1.9012827
       1.2534534      0.77579770
      0.53495109       2.8560578
       1.0468121      0.20170354
       1.2337105      0.54460789
      0.69603461      0.36841353
      0.99068546       2.5795496
      0.35336918       3.5861069
      0.61320466       4.5011374
      0.82478094       4.1405917
      0.29916954      0.33131066
      0.99829096       2.5926891
      0.73411125      0.18355948
       1.0070366      0.54073065
      0.23101002      0.39821884
       1.2922047      0.27617464
      0.94433987      0.93642585
      0.36219731       3.3916343
       1.0414106      0.17119130
      0.61076480      0.28980216
       1.1308529       2.5120916
      0.60861951      0.44235885
      0.94266331      0.37630620
      0.48237568       1.1385644
       1.1812193       1.9819010
      0.53839964      0.39257675
       1.0177078       3.2581570
      0.67352957       3.5987507
       1.0114924       1.6733121
      0.75050849      0.99945183
      0.19228798      0.83396957
      0.41827625      0.88469009
      0.21895419      0.23461467
      0.26123646       3.6636119
      0.43354464       1.9093244
      0.46226332       4.1245254
      0.28296757      0.34698272
      0.26377609      0.34017664
      0.23190206      0.65419603
      0.48124021      0.16416341
      0.67494708       1.7154787
      0.91501921       2.3449173
      0.48816025      0.23768950
      0.82160932      0.39898020
      0.93660736       4.0162871
       1.2966706      0.24788697
      0.61097842      0.78198313
      0.77309746      0.20716054
       1.1156447       1.3632068
      0.75847143      0.71875307
      0.66151232      0.35925833
      0.87081945      0.22999436
       1.1337744      0.32614784
      0.97214723      0.35533353
      0.17318621       1.9333804
      0.83897626       2.7227403
      0.27497280       3.1004933
      0.80620009      0.83073377
      0.87824559      0.84136144
      0.82600516      0.21799882
      0.56422561      0.41382726
      0.52574253      0.33937318
      0.65477639      0.22817967
       1.0328584       3.6841286
      0.22857687      0.17492067
      0.82552391      0.14712468
      0.31319362      0.23397188
      0.47107691       1.6009534
      0.78982884       4.2357558
      0.39475718       1.5752866
      0.76116228       2.9624702
      0.18551919       1.5606916
      0.66269284      0.52119680
      0.51727498       1.2951469
       1.1123363       1.2268222
      0.11541769       2.0214920
      0.45859078       1.0391034
      0.29877019       2.8314791
      0.85979438       1.3702448
      0.17243971       1.3643162
      0.58789557       3.0474724
      0.43378708      0.28940631
      0.67125636      0.23546227
      0.51799840       2.2310614
       1.1438690       1.4084902
      0.80946672      0.41971435
      0.55315387       1.2226992
       1.0300157       3.2590972
      0.68033808       4.3957272
      0.84970534       1.3814166
      0.26846331       3.9037285
      0.29161710      0.19637635
      0.19053178      0.76288838
       1.1725152       2.9413546
      0.92570728      0.23269291
      0.97670949       1.0705276
       1.0840757       2.5722069
      0.69732159       4.7106698
      0.84004152       1.0467375
      0.87236822      0.17017607
       1.1752969      0.29046602
      0.71137011      0.22384855
      0.85663354       3.7030130
      0.30184978       2.2401262
       1.0603878      0.21908594
      0.86975771      0.17065694
      0.53447747      0.77630612
       1.2858013      0.80382747
      0.13325582       1.5079141
       1.0243951       3.1887021
       1.2151961      0.55039349
      0.31777745      0.66771789
      0.77524751      0.23527611
      0.24372283      0.27910910
       1.1211861       2.7802047
       1.2164102       2.3331883
      0.61497706       1.2834877
       1.1921169      0.30133506
      0.95299733      0.37376744
      0.99902159      0.51536880
       1.1384386       1.8461510
       1.0126377      0.38730110
      0.61249024       3.4486626
      0.27145094      0.76959987
       1.2730612       2.4811486
       1.0743330      0.65754186
      0.88436115       1.8518573
      0.33073515       3.8538986
      0.36450908       2.6683041
      0.28569412       2.4722332
      0.12609939       1.5224895
      0.58849472       2.2261256
      0.89310694      0.77189479
      0.10045948      0.19837427
      0.35447913      0.35726326
       1.1146213       2.1230632
      0.42283386       1.1157466
      0.29335892       3.1273997
       1.0538676       3.5751157
      0.98710084       3.7704590
      0.17154786       1.1112536
      0.79949301       1.8886362
      0.50784016      0.81987720
       1.0243119      0.46877245
      0.78172332       1.2949048
      0.81999177      0.40860415
      0.88606882      0.81245203
       1.2537609       1.4181118
      0.69537443      0.40245675
      0.55573404       2.2995305
      0.78545481      0.19308974
      0.69641238      0.47557569
       1.2754701       2.6977123
      0.50600636       1.8510322
       1.0116726      0.40787563
      0.99130088       1.3423810
       1.2961580      0.24805937
      0.46059501       3.1320203
       1.1972498       1.1539123
       1.0585434       2.6256257
       1.2159069      0.26112138
      0.20313972       3.5455539
      0.22449788      0.92128429
      0.38279635      0.23037208
      0.12356165      0.49903549
      0.62580264       3.5957630
      0.39504978      0.34957827
      0.25125501       4.1595600
      0.13691252      0.96330173
      0.34363836       1.1898671
      0.30721650      0.31442315
       1.1098512      0.17737691
       1.0933125      0.32801988
