      0.36639178       4.8496783
      0.16621614       5.1388656
       1.1448787      0.50505727
       1.0975933      0.31090980
      0.34806299       3.8408574
      0.53648424      0.29001607
       1.2023331      0.18332737
       1.2753339      0.64222205
      0.68609339      0.35489895
      0.20778523       5.9508108
      0.83409262       1.9080900
      0.57608390      0.33726043
       1.0190893       1.1310161
      0.52496564       1.9187828
      0.72210163       1.0512255
      0.68396562       1.5592187
      0.45616058      0.72528632
       1.2889851      0.86517960
      0.32526547       1.9223725
       1.0699379       2.4660681
      0.19688952      0.94674693
      0.87935066       3.1467497
      0.98612833       2.4910343
       1.0833672      0.62233748
      0.62957102       1.4923850
      0.39104846      0.51598555
      0.28997183       1.6300778
       1.0172471      0.28593284
       1.1559244       1.5308309
      0.23308092       2.6108128
      0.42890376       6.4143557
      0.34498569       5.1436142
      0.59708202       4.1618896
      0.24291444       1.1040841
      0.45529589      0.95237976
       1.1534836       1.6574871
      0.85454547       4.4958055
      0.72841030       3.9473175
      0.79580534       4.1966186
      0.69056320       1.2090349
      0.81991506      0.28732367
      0.97824532       2.0544822
      0.41898292       2.7480599
      0.11749690      0.31358064
      0.44162303       3.6753243
      0.21203563      0.72354994
      0.40430582       2.9148132
       1.0918651       1.4698855
      0.49307671       2.6800258
       1.1001912      0.75436060
      0.27299714       1.4191638
       1.1708932       1.2689633
      0.29873541      0.33800890
       1.2496161      0.22156757
       1.2567166       3.1160277
      0.77360451      0.52703314
       1.2522720      0.73234336
      0.20865843      0.44555893
      0.32609758      0.46888413
       1.2951866       2.0944292
      0.12916787       2.2634346
      0.67288208       1.2198205
      0.34546664       6.4278215
      0.92189872       1.4290859
      0.93981230      0.48564244
       1.1120503       2.1031483
       1.0354174       1.8806387
      0.83934975       3.1368481
      0.12751971       1.5065393
      0.77582496       3.0288928
      0.79319543       3.0013073
      0.54179460       3.7333949
      0.10197061       4.4914247
      0.92911744       3.9295776
      0.71856707      0.83005592
       1.0794011       2.3961162
      0.86775422      0.54498789
       1.2107722      0.50793822
       1.2827493      0.69313864
      0.10688207       2.3849346
      0.41091710       3.0218832
      0.96467149      0.74479185
       1.0629963       2.0769406
      0.90047091       1.1246402
       1.1445796      0.67597068
      0.33971846       2.6145735
       1.2072995       3.4767658
      0.93599790      0.72569912
      0.10265706      0.86276818
      0.79049641       5.4277793
      0.66338605      0.90065080
      0.79566568       3.1546813
       1.2777624       1.5917114
      0.17740828      0.47406113
      0.57873374      0.31879362
      0.31269532       2.3304554
       1.0764790      0.64643312
      0.50983250      0.28071357
      0.75574780       3.5806839
      0.83044308       4.4605691
       1.0250249       2.4466663
      0.33456993       1.2225339
      0.68191731      0.65567449
      0.24585816       1.3595392
      0.13493387      0.37246481
       1.2216153      0.28039294
      0.20383081       1.0679894
      0.47317588       3.7162695
      0.23374456      0.67936371
      0.66917986       2.0890785
      0.40149412       2.8965195
      0.17465386      0.48157476
       1.2578983      0.33359293
      0.43041289      0.89396238
      0.85811925      0.72683346
      0.37118605       1.5704082
       1.0799922       2.5088349
       1.2316642       1.1670051
      0.77929837       2.0995038
      0.55272955       1.6077645
      0.86242741       4.5224075
      0.56068313       1.1812334
       1.0742828       3.4885820
      0.46240231       2.3398110
       1.2120191       2.2964345
      0.33415717       4.6743391
       1.1951520      0.30495460
      0.98357755      0.99994405
       1.0897728       1.4837904
       1.2127625      0.78729983
      0.21304327       1.0939952
      0.92107928      0.49606485
      0.53325808      0.94372226
      0.60904688       5.9625607
      0.14261085       2.5179520
      0.77962160       6.2260338
      0.75563002       4.2403184
      0.35797504       1.5206823
       1.0553712       1.9016782
      0.28843734       1.4735028
      0.16137137      0.32484082
       1.1029769      0.82089596
      0.32640126       2.5379637
       1.1140662      0.60707982
      0.53857332      0.28508922
      0.87241846      0.93713998
      0.39314902      0.43828883
      0.26108888      0.58001334
       1.0541049       3.1896862
      0.31206691      0.22216271
      0.52251393      0.94010885
      0.48264149       1.0282045
      0.86665320      0.37660018
       1.2472583       1.2498474
      0.69209808       2.6489238
      0.37190220       1.3795163
      0.80019963      0.42659633
       1.1688259       1.6601348
       1.2271591       1.4980579
       1.2191136      0.22017786
       1.2322481      0.41785026
      0.20212603       1.8371637
      0.23403090      0.24693440
       1.0736612       2.2380724
       1.1122659       3.1321438
       1.2933174      0.35693686
      0.51523376      0.28806315
      0.52326775       1.2311503
      0.22099273       1.2499569
      0.68087232      0.90737575
      0.56009084      0.77204526
      0.99055612      0.20651203
      0.71242577       2.4511287
      0.54732913      0.70041838
       1.2533237       2.2762659
      0.14218901       1.8329349
      0.54581511       1.9159472
      0.28319573      0.52981797
      0.11484329       1.4131371
      0.48603618       1.0978200
       1.1316482      0.22186738
      0.24100938      0.33626318
      0.23333290       2.4897349
      0.53162187       4.7960753
      0.67400682      0.49739129
      0.93711799       5.0143035
       1.1199760      0.92074521
       1.0506896      0.21810876
      0.71768552      0.27691935
      0.63540411       3.7002493
      0.63592941      0.73355130
       1.2648973      0.55790565
       1.0605717       2.7273092
      0.71285623       1.1160736
      0.12446965       1.3041135
      0.68331873       2.4687631
      0.78714240       1.6510748
      0.16409527      0.61344482
      0.59366035      0.87127215
      0.39559942      0.24597266
       1.2821641       2.1309731
       1.0071118       2.1524150
       1.0616817      0.41494090
      0.85299605       3.6930284
      0.16475451      0.31125091
      0.99763060      0.26408236
      0.32857332       1.5648164
       1.2852355       2.2618819
      0.64290261      0.62015199
      0.80792403       5.1190319
      0.94353044       3.0371301
      0.70765102      0.48400949
      0.49845776      0.42188584
      0.36073944      0.30242428
      0.53197986       3.5332612
      0.78888816       4.7415455
       1.2057647       1.3859373
       1.0382978       2.5957543
       1.2443565      0.18786431
       1.0962585      0.44357585
      0.58922285       1.7092995
      0.38928479      0.24662840
       1.1782854       1.6123557
       1.1259563       1.9647789
      0.49630386       5.5870120
      0.27113977       1.9885997
      0.19928628       3.1391732
       1.0118643       1.2986086
      0.73206103       3.3504055
       1.2202520       2.7649811
      0.89301324       1.2547579
      0.95917380       2.1483338
       1.1715810      0.17540601
      0.25366163      0.57485636
       1.2581891       2.1101235
      0.24678159       1.0215039
       1.0239191      0.17085167
      0.82637244       6.1318068
       1.0109189       1.2324235
       1.2803159      0.44212676
      0.95205879       1.4640500
       1.1853725       2.5848219
      0.94186336      0.29149992
      0.41324341      0.74634389
       1.0207976      0.20423985
      0.81607717      0.63992743
       1.2692194       1.1699041
      0.50081813       2.6135241
      0.54845738       1.2691071
      0.63460416      0.83364804
      0.19966532      0.59085220
      0.87391055      0.26144252
      0.38756850      0.25873742
      0.51000881      0.87094424
      0.36577928       2.0259363
       1.1129680       2.1113300
      0.53631973      0.35651559
      0.85397053       4.8245894
       1.0723770      0.15681747
      0.34022138      0.28268694
      0.17211540      0.52804657
      0.55715621       5.8410050
      0.63969225      0.69893384
      0.72821468      0.64450420
       1.0758046      0.28618805
      0.91045129       3.6030403
      0.41708604      0.28518026
      0.43751070      0.25247626
      0.17608118       2.9943722
       1.0041213       2.8534036
      0.39052919      0.90474938
      0.94187224       2.4824234
      0.20208456      0.48830603
      0.21522981       3.9697088
       1.0693328       1.0517638
      0.22238618      0.24713060
      0.30430007      0.53117469
      0.51276582       1.3350323
      0.33441353       4.2282034
       1.0840014      0.31300573
       1.0775703      0.89560334
       1.2095749       1.8061857
       1.0723425       1.5380408
       1.0097827       1.7537003
      0.80724865       5.9739972
       1.1548979       2.0299228
       1.1976812      0.60703682
       1.1249739      0.72431129
      0.17178597      0.44101070
      0.30453801       1.9581081
       1.2579960       3.3129690
      0.80166078      0.83172888
      0.78517026       1.9033157
      0.52083224       5.8678733
      0.46302170       6.2743622
      0.98638159       1.6421078
       1.0908469       3.3068928
      0.13476498       1.0514542
      0.89130068       2.6310788
      0.30755419      0.53437740
       1.2838017      0.17670841
      0.26066673      0.49043349
      0.22898743       1.7744095
       1.2762754      0.99242790
      0.79710227      0.57704983
       1.2184714       1.5863837
      0.66739374      0.38355593
      0.94746488       1.3875730
      0.88272494      0.79694223
       1.2232521      0.69391003
      0.39023083      0.44945514
      0.98462319       1.8238774
      0.13735607       2.7153017
      0.56141722       5.1330965
      0.75307882       5.6131347
       1.1676251       1.0716300
      0.53765219      0.25498567
      0.79118520       4.8996867
       1.1707999      0.38947559
       1.0952375      0.29401006
      0.65121472      0.61772500
      0.21437672       3.6230148
      0.60238492      0.39937114
      0.24980482      0.66020650
      0.85948664       5.2853236
      0.96828991       2.2371306
      0.73261458      0.57523322
      0.34933493       2.5535662
       1.2534534      0.63449568
      0.53495109       3.6226411
       1.0468121      0.18607078
       1.2337105      0.35569967
      0.69603461      0.55748276
      0.99068546       1.8894182
      0.35336918       4.6879743
      0.61320466       5.4836907
      0.82478094       5.7316518
      0.29916954      0.48627754
      0.99829096       1.8548126
      0.73411125      0.29711163
       1.0070366      0.48537008
      0.23101002      0.58131295
       1.2922047      0.20714564
      0.94433987      0.95134055
      0.36219731       4.4366932
       1.0414106      0.16245432
      0.61076480      0.41825858
       1.1308529       2.0030957
      0.60861951      0.62240699
      0.94266331      0.43860739
      0.48237568       1.5302151
       1.1812193       1.7071639
      0.53839964      0.55644402
       1.0177078       2.7955047
      0.67352957       4.5092650
       1.0114924       1.2098254
      0.75050849       1.4109494
      0.19228798       1.1804936
      0.41827625       1.2187246
      0.21895419      0.35031662
      0.26123646       4.8565925
      0.43354464       2.5257732
      0.46226332       5.2361266
      0.28296757      0.50847557
      0.26377609      0.49929376
      0.23190206      0.93344507
      0.48124021      0.24278588
      0.67494708       2.2636856
      0.91501921       2.2566475
      0.48816025      0.34638869
      0.82160932      0.61037842
      0.93660736       4.5637191
       1.2966706      0.18786750
      0.61097842       1.0605546
      0.77309746      0.33962028
       1.1156447      0.78065800
      0.75847143       1.0510073
      0.66151232      0.52931371
      0.87081945      0.33976400
       1.1337744      0.24594645
      0.97214723      0.38032858
      0.17318621       2.6516247
      0.83897626       3.1913591
      0.27497280       4.1300291
      0.80620009       1.1915987
      0.87824559       1.0490500
      0.82600516      0.35041979
      0.56422561      0.58381777
      0.52574253      0.48510807
      0.65477639      0.34341483
       1.0328584       3.3828747
      0.22857687      0.26382045
      0.82552391      0.24335996
      0.31319362      0.34789830
      0.47107691       2.1188929
      0.78982884       5.7835104
      0.39475718       2.1181921
      0.76116228       3.7653169
      0.18551919       2.1559072
      0.66269284      0.74889262
      0.51727498       1.7177264
       1.1123363      0.72353361
      0.11541769       2.7737913
      0.45859078       1.4094792
      0.29877019       3.7766203
      0.85979438       1.6687819
      0.17243971       1.8948412
      0.58789557       3.7997555
      0.43378708      0.42096512
      0.67125636      0.35867482
      0.51799840       2.8760392
       1.1438690      0.80973619
      0.80946672      0.64843238
      0.55315387       1.6168798
       1.0300157       2.7898719
      0.68033808       5.4457848
      0.84970534       1.7203207
      0.26846331       5.1573265
      0.29161710      0.29437104
      0.19053178       1.0839397
       1.1725152       2.7462257
      0.92570728      0.29954818
      0.97670949      0.95251213
       1.0840757       1.8880095
      0.69732159       5.8379290
      0.84004152       1.3806489
      0.87236822      0.25667535
       1.1752969      0.22208419
      0.71137011      0.35354271
      0.85663354       4.5346064
      0.30184978       3.0143942
       1.0603878      0.19434459
      0.86975771      0.25880890
      0.53447747       1.0579176
       1.2858013      0.79400555
      0.13325582       2.0892261
       1.0243951       2.6872242
       1.2151961      0.36132055
      0.31777745      0.94578241
      0.77524751      0.38265783
      0.24372283      0.41347116
       1.1211861       2.2714579
       1.2164102       2.3279151
      0.61497706       1.6854721
       1.1921169      0.22976332
      0.95299733      0.42263787
      0.99902159      0.47687972
       1.1384386       1.2091187
       1.0126377      0.35948212
      0.61249024       4.2643778
      0.27145094       1.0868303
       1.2730612       2.6388198
       1.0743330      0.48055342
      0.88436115       2.0255663
      0.33073515       5.0454910
      0.36450908       3.5239073
      0.28569412       3.3188168
      0.12609939       2.1088090
      0.58849472       2.8233845
      0.89310694      0.93672293
      0.10045948      0.29534315
      0.35447913      0.51937071
       1.1146213       1.4156614
      0.42283386       1.5176497
      0.29335892       4.1568782
       1.0538676       3.1917990
      0.98710084       3.7242098
      0.17154786       1.5553347
      0.79949301       2.4789408
      0.50784016       1.1175728
       1.0243119      0.41072252
      0.78172332       1.7789559
      0.81999177      0.62490595
      0.88606882      0.99754368
       1.2537609       1.4049903
      0.69537443      0.60471762
      0.55573404       2.9343568
      0.78545481      0.31991876
      0.69641238      0.70609853
       1.2754701       2.8805700
      0.50600636       2.4145974
       1.0116726      0.37686027
      0.99130088       1.0852840
       1.2961580      0.18726409
      0.46059501       4.0272068
       1.1972498      0.79491081
       1.0585434       1.8922124
       1.2159069      0.20216836
      0.20313972       4.7487687
      0.22449788       1.2954811
      0.38279635      0.34024194
      0.12356165      0.72017178
      0.62580264       4.4473255
      0.39504978      0.50654601
      0.25125501       5.4944090
      0.13691252       1.3559572
      0.34363836       1.6330333
      0.30721650      0.46217118
       1.1098512      0.14696083
       1.0933125      0.25756904
