      0.36639178       4.2805577
      0.16621614       4.4853217
       1.1448787      0.59694793
       1.0975933      0.34418516
      0.34806299       3.3726482
      0.53648424      0.24553789
       1.2023331      0.19546079
       1.2753339      0.66890419
      0.68609339      0.29859033
      0.20778523       5.2139426
      0.83409262       1.5718535
      0.57608390      0.28674373
       1.0190893       1.1328207
      0.52496564       1.6872361
      0.72210163      0.89876200
      0.68396562       1.3634238
      0.45616058      0.62168116
       1.2889851      0.85298514
      0.32526547       1.6659761
       1.0699379       2.5630793
      0.19688952      0.80630339
      0.87935066       2.6196141
      0.98612833       2.3399210
       1.0833672      0.69783200
      0.62957102       1.3105219
      0.39104846      0.43765003
      0.28997183       1.4057348
       1.0172471      0.25881297
       1.1559244       1.7493662
      0.23308092       2.2635648
      0.42890376       5.7167961
      0.34498569       4.5368056
      0.59708202       3.7408184
      0.24291444      0.94423793
      0.45529589      0.82100687
       1.1534836       1.8741415
      0.85454547       3.7129387
      0.72841030       3.4975762
      0.79580534       3.6094421
      0.69056320       1.0487770
      0.81991506      0.22202791
      0.97824532       1.9273465
      0.41898292       2.4120680
      0.11749690      0.26280590
      0.44162303       3.2484519
      0.21203563      0.61351393
      0.40430582       2.5578517
       1.0918651       1.7646341
      0.49307671       2.3656621
       1.1001912      0.89840214
      0.27299714       1.2203089
       1.1708932       1.4671238
      0.29873541      0.28336295
       1.2496161      0.24056644
       1.2567166       3.0166731
      0.77360451      0.42797868
       1.2522720      0.79150462
      0.20865843      0.37461752
      0.32609758      0.39571631
       1.2951866       1.9989450
      0.12916787       1.9521945
      0.67288208       1.0608114
      0.34546664       5.6904072
      0.92189872       1.1593743
      0.93981230      0.37812737
       1.1120503       2.3571099
       1.0354174       1.9976507
      0.83934975       2.6339741
      0.12751971       1.2922716
      0.77582496       2.6069242
      0.79319543       2.5572559
      0.54179460       3.3306155
      0.10197061       3.9102482
      0.92911744       3.1523904
      0.71856707      0.70571220
       1.0794011       2.5402509
      0.86775422      0.41690074
       1.2107722      0.59009275
       1.2827493      0.70326579
      0.10688207       2.0593977
      0.41091710       2.6549281
      0.96467149      0.62420385
       1.0629963       2.2090086
      0.90047091      0.87789878
       1.1445796      0.82099917
      0.33971846       2.2800870
       1.2072995       3.4432087
      0.93599790      0.57460467
      0.10265706      0.73506106
      0.79049641       4.6267026
      0.66338605      0.77771136
      0.79566568       2.6884771
       1.2777624       1.5463242
      0.17740828      0.39900280
      0.57873374      0.27082352
      0.31269532       2.0243086
       1.0764790      0.71428959
      0.50983250      0.23725039
      0.75574780       3.1285117
      0.83044308       3.7913578
       1.0250249       2.4023291
      0.33456993       1.0514045
      0.68191731      0.55988273
      0.24585816       1.1671110
      0.13493387      0.31260963
       1.2216153      0.30837931
      0.20383081      0.91157683
      0.47317588       3.2942691
      0.23374456      0.57571962
      0.66917986       1.8436723
      0.40149412       2.5409228
      0.17465386      0.40544256
       1.2578983      0.37766389
      0.43041289      0.76836264
      0.85811925      0.56616021
      0.37118605       1.3601588
       1.0799922       2.6435353
       1.2316642       1.2226319
      0.77929837       1.7819481
      0.55272955       1.4115953
      0.86242741       3.6943209
      0.56068313       1.0304743
       1.0742828       3.4987193
      0.46240231       2.0551506
       1.2120191       2.3095603
      0.33415717       4.1129102
       1.1951520      0.33811607
      0.98357755      0.89906285
       1.0897728       1.7724649
       1.2127625      0.91992680
      0.21304327      0.93447538
      0.92107928      0.37699229
      0.53325808      0.81749393
      0.60904688       5.3989422
      0.14261085       2.1750429
      0.77962160       5.2448197
      0.75563002       3.7227418
      0.35797504       1.3152180
       1.0553712       2.0481822
      0.28843734       1.2684057
      0.16137137      0.27189834
       1.1029769      0.98846582
      0.32640126       2.2099686
       1.1140662      0.71927585
      0.53857332      0.24132823
      0.87241846      0.73338813
      0.39314902      0.37070314
      0.26108888      0.49040680
       1.0541049       3.1132834
      0.31206691      0.18530146
      0.52251393      0.81371606
      0.48264149      0.88941487
      0.86665320      0.28433051
       1.2472583       1.2718256
      0.69209808       2.3470193
      0.37190220       1.1919211
      0.80019963      0.33726602
       1.1688259       1.8363345
       1.2271591       1.5354819
       1.2191136      0.23766400
       1.2322481      0.47902891
      0.20212603       1.5818107
      0.23403090      0.20592797
       1.0736612       2.3792785
       1.1122659       3.3518822
       1.2933174      0.38263110
      0.51523376      0.24361655
      0.52326775       1.0721611
      0.22099273       1.0704692
      0.68087232      0.78176105
      0.56009084      0.66685778
      0.99055612      0.17269560
      0.71242577       2.1572016
      0.54732913      0.60320808
       1.2533237       2.2250035
      0.14218901       1.5765002
      0.54581511       1.6876020
      0.28319573      0.44739855
      0.11484329       1.2114939
      0.48603618      0.95119713
       1.1316482      0.24731652
      0.24100938      0.28165016
      0.23333290       2.1570746
      0.53162187       4.2941239
      0.67400682      0.42242265
      0.93711799       3.8713460
       1.1199760       1.1396377
       1.0506896      0.21095025
      0.71768552      0.22932428
      0.63540411       3.3159521
      0.63592941      0.63226447
       1.2648973      0.61254747
       1.0605717       2.7489829
      0.71285623      0.95982090
      0.12446965       1.1164185
      0.68331873       2.1851571
      0.78714240       1.3826665
      0.16409527      0.51860709
      0.59366035      0.75625763
      0.39559942      0.20625757
       1.2821641       2.0487544
       1.0071118       2.1559766
       1.0616817      0.42705797
      0.85299605       3.1116630
      0.16475451      0.26035057
      0.99763060      0.22753527
      0.32857332       1.3514782
       1.2852355       2.1685765
      0.64290261      0.53189182
      0.80792403       4.3259512
      0.94353044       2.6114013
      0.70765102      0.40754564
      0.49845776      0.35869878
      0.36073944      0.25389624
      0.53197986       3.1458612
      0.78888816       4.1091444
       1.2057647       1.4709099
       1.0382978       2.5557249
       1.2443565      0.20122670
       1.0962585      0.50089206
      0.58922285       1.5071231
      0.38928479      0.20675561
       1.1782854       1.7631493
       1.1259563       2.2152458
      0.49630386       4.9982758
      0.27113977       1.7196899
      0.19928628       2.7237220
       1.0118643       1.2928855
      0.73206103       2.9517625
       1.2202520       2.7403723
      0.89301324      0.98864435
      0.95917380       1.9235294
       1.1715810      0.19131154
      0.25366163      0.48589821
       1.2581891       2.0610139
      0.24678159      0.87248939
       1.0239191      0.15368901
      0.82637244       4.9267187
       1.0109189       1.2184911
       1.2803159      0.48121009
      0.95205879       1.2539425
       1.1853725       2.6655939
      0.94186336      0.22254084
      0.41324341      0.63838651
       1.0207976      0.18364718
      0.81607717      0.50779794
       1.2692194       1.1635084
      0.50081813       2.3073027
      0.54845738       1.1079949
      0.63460416      0.72094834
      0.19966532      0.49906180
      0.87391055      0.19419098
      0.38756850      0.21702639
      0.51000881      0.75195297
      0.36577928       1.7622791
       1.1129680       2.3645162
      0.53631973      0.30282572
      0.85397053       3.9266303
       1.0723770      0.15777002
      0.34022138      0.23685690
      0.17211540      0.44525522
      0.55715621       5.2628304
      0.63969225      0.60144029
      0.72821468      0.54136659
       1.0758046      0.29841147
      0.91045129       2.9463586
      0.41708604      0.23988855
      0.43751070      0.21226560
      0.17608118       2.5948556
       1.0041213       2.6505394
      0.39052919      0.77591284
      0.94187224       2.1620102
      0.20208456      0.41112685
      0.21522981       3.4593433
       1.0693328       1.1915783
      0.22238618      0.20605525
      0.30430007      0.44875997
      0.51276582       1.1638122
      0.33441353       3.7144786
       1.0840014      0.33487175
       1.0775703       1.0214135
       1.2095749       1.8528461
       1.0723425       1.7869414
       1.0097827       1.7826990
      0.80724865       4.9098612
       1.1548979       2.2256782
       1.1976812      0.71803071
       1.1249739      0.87887093
      0.17178597      0.37077713
      0.30453801       1.6949070
       1.2579960       3.2020683
      0.80166078      0.67176642
      0.78517026       1.6041767
      0.52083224       5.2672648
      0.46302170       5.6078065
      0.98638159       1.5500869
       1.0908469       3.4437161
      0.13476498      0.89707098
      0.89130068       2.1657289
      0.30755419      0.45159297
       1.2838017      0.19069189
      0.26066673      0.41343043
      0.22898743       1.5289504
       1.2762754      0.98857066
      0.79710227      0.46159103
       1.2184714       1.6325399
      0.66739374      0.32429873
      0.94746488       1.1725853
      0.88272494      0.61510713
       1.2232521      0.81254737
      0.39023083      0.38026288
      0.98462319       1.7271360
      0.13735607       2.3476745
      0.56141722       4.6157731
      0.75307882       4.9554244
       1.1676251       1.2982599
      0.53765219      0.21549004
      0.79118520       4.2453420
       1.1707999      0.44789559
       1.0952375      0.32248163
      0.65121472      0.52916435
      0.21437672       3.1528742
      0.60238492      0.34088000
      0.24980482      0.55940412
      0.85948664       4.2007012
      0.96828991       2.0552976
      0.73261458      0.48052656
      0.34933493       2.2275812
       1.2534534      0.70249073
      0.53495109       3.2278597
       1.0468121      0.17712114
       1.2337105      0.40111121
      0.69603461      0.47292762
      0.99068546       1.8282137
      0.35336918       4.1314606
      0.61320466       4.9568711
      0.82478094       4.6621619
      0.29916954      0.41008895
      0.99829096       1.8372457
      0.73411125      0.24415549
       1.0070366      0.44205107
      0.23101002      0.49121505
       1.2922047      0.22794387
      0.94433987      0.77769782
      0.36219731       3.9091452
       1.0414106      0.15189867
      0.61076480      0.35703850
       1.1308529       2.2456147
      0.60861951      0.53587198
      0.94266331      0.34131756
      0.48237568       1.3349240
       1.1812193       1.8428213
      0.53839964      0.47663197
       1.0177078       2.6460990
      0.67352957       4.0507517
       1.0114924       1.1959275
      0.75050849       1.2007812
      0.19228798       1.0091288
      0.41827625       1.0533912
      0.21895419      0.29348693
      0.26123646       4.2565063
      0.43354464       2.2163651
      0.46226332       4.6647982
      0.28296757      0.42906103
      0.26377609      0.42105317
      0.23190206      0.79560288
      0.48124021      0.20449158
      0.67494708       2.0007589
      0.91501921       1.8692984
      0.48816025      0.29337195
      0.82160932      0.48199196
      0.93660736       3.5729544
       1.2966706      0.20546423
      0.61097842      0.92470281
      0.77309746      0.27272454
       1.1156447      0.94754857
      0.75847143      0.88153431
      0.66151232      0.45109225
      0.87081945      0.25492294
       1.1337744      0.27580453
      0.97214723      0.31162530
      0.17318621       2.2937764
      0.83897626       2.6818557
      0.27497280       3.6131086
      0.80620009      0.97385165
      0.87824559      0.82354608
      0.82600516      0.27111092
      0.56422561      0.50129386
      0.52574253      0.41411542
      0.65477639      0.29035570
       1.0328584       3.1661904
      0.22857687      0.22017850
      0.82552391      0.18663603
      0.31319362      0.29197906
      0.47107691       1.8589123
      0.78982884       4.8752713
      0.39475718       1.8472796
      0.76116228       3.2862292
      0.18551919       1.8600175
      0.66269284      0.64357995
      0.51727498       1.5060388
       1.1123363      0.86949916
      0.11541769       2.3989861
      0.45859078       1.2254295
      0.29877019       3.3022884
      0.85979438       1.3531926
      0.17243971       1.6312990
      0.58789557       3.4061833
      0.43378708      0.35661296
      0.67125636      0.30265604
      0.51799840       2.5475573
       1.1438690       1.0015663
      0.80946672      0.51672761
      0.55315387       1.4198226
       1.0300157       2.6812969
      0.68033808       4.9113419
      0.84970534       1.4023126
      0.26846331       4.5259013
      0.29161710      0.24626542
      0.19053178      0.92526348
       1.1725152       2.8702004
      0.92570728      0.22395328
      0.97670949      0.83722600
       1.0840757       2.1081551
      0.69732159       5.2697608
      0.84004152       1.1181415
      0.87236822      0.19076768
       1.1752969      0.24478110
      0.71137011      0.29509697
      0.85663354       3.7283103
      0.30184978       2.6270188
       1.0603878      0.19148750
      0.86975771      0.19276251
      0.53447747      0.91887696
       1.2858013      0.79148449
      0.13325582       1.8000402
       1.0243951       2.5837265
       1.2151961      0.40580817
      0.31777745      0.80849833
      0.77524751      0.30767828
      0.24372283      0.34744970
       1.1211861       2.5130325
       1.2164102       2.3319008
      0.61497706       1.4858872
       1.1921169      0.25035509
      0.95299733      0.33430681
      0.99902159      0.42561269
       1.1384386       1.4941029
       1.0126377      0.32578598
      0.61249024       3.8353616
      0.27145094      0.92998799
       1.2730612       2.5406134
       1.0743330      0.51593834
      0.88436115       1.6461644
      0.33073515       4.4436540
      0.36450908       3.0938051
      0.28569412       2.8949057
      0.12609939       1.8171595
      0.58849472       2.5161825
      0.89310694      0.72541529
      0.10045948      0.24774793
      0.35447913      0.43978197
       1.1146213       1.7195881
      0.42283386       1.3179907
      0.29335892       3.6395640
       1.0538676       3.1138398
      0.98710084       3.2021065
      0.17154786       1.3350828
      0.79949301       2.0902984
      0.50784016      0.97009551
       1.0243119      0.38548001
      0.78172332       1.4989279
      0.81999177      0.49434462
      0.88606882      0.77799190
       1.2537609       1.4054757
      0.69537443      0.51411923
      0.55573404       2.6092526
      0.78545481      0.25411080
      0.69641238      0.60267552
       1.2754701       2.7663827
      0.50600636       2.1294670
       1.0116726      0.34167375
      0.99130088       1.0049501
       1.2961580      0.20466227
      0.46059501       3.5710035
       1.1972498      0.95363043
       1.0585434       2.0472492
       1.2159069      0.21691696
      0.20313972       4.1456590
      0.22449788       1.1102870
      0.38279635      0.28645041
      0.12356165      0.61099353
      0.62580264       4.0020642
      0.39504978      0.42957718
      0.25125501       4.8219935
      0.13691252       1.1612574
      0.34363836       1.4129359
      0.30721650      0.38956505
       1.1098512      0.15926846
       1.0933125      0.27910794
