      0.36639178       3.9432621
      0.16621614       4.1005718
       1.1448787      0.68777689
       1.0975933      0.37763066
      0.34806299       3.0934788
      0.53648424      0.21768963
       1.2023331      0.20938131
       1.2753339      0.68584686
      0.68609339      0.25952790
      0.20778523       4.7794501
      0.83409262       1.4309586
      0.57608390      0.25480094
       1.0190893       1.3411931
      0.52496564       1.5487392
      0.72210163      0.79429127
      0.68396562       1.2332042
      0.45616058      0.55799711
       1.2889851      0.85240496
      0.32526547       1.5112080
       1.0699379       2.8220083
      0.19688952      0.72142443
      0.87935066       2.6600014
      0.98612833       2.6925175
       1.0833672      0.80666352
      0.62957102       1.1967464
      0.39104846      0.38940008
      0.28997183       1.2702228
       1.0172471      0.28085845
       1.1559244       1.8803278
      0.23308092       2.0557305
      0.42890376       5.3103279
      0.34498569       4.1774563
      0.59708202       3.5018839
      0.24291444      0.84745896
      0.45529589      0.74063687
       1.1534836       2.0005270
      0.85454547       3.4808167
      0.72841030       3.2185663
      0.79580534       3.2797190
      0.69056320      0.93996557
      0.81991506      0.18367739
      0.97824532       2.2747724
      0.41898292       2.2107943
      0.11749690      0.23210377
      0.44162303       2.9956326
      0.21203563      0.54675628
      0.40430582       2.3439873
       1.0918651       2.0344114
      0.49307671       2.1796411
       1.1001912       1.0591675
      0.27299714       1.1000723
       1.1708932       1.5891193
      0.29873541      0.24988264
       1.2496161      0.26842102
       1.2567166       2.9597337
      0.77360451      0.36115732
       1.2522720      0.82583977
      0.20865843      0.33145184
      0.32609758      0.35083855
       1.2951866       1.9665704
      0.12916787       1.7672626
      0.67288208      0.95512026
      0.34546664       5.2563679
      0.92189872       1.2272451
      0.93981230      0.38574630
       1.1120503       2.5306034
       1.0354174       2.3667224
      0.83934975       2.4753622
      0.12751971       1.1643733
      0.77582496       2.3524809
      0.79319543       2.2953464
      0.54179460       3.0971483
      0.10197061       3.5657391
      0.92911744       3.2968080
      0.71856707      0.61966515
       1.0794011       2.7784713
      0.86775422      0.37610090
       1.2107722      0.69732784
       1.2827493      0.71236841
      0.10688207       1.8653263
      0.41091710       2.4354113
      0.96467149      0.67498920
       1.0629963       2.5077365
      0.90047091      0.88428113
       1.1445796      0.97608875
      0.33971846       2.0791324
       1.2072995       3.3963517
      0.93599790      0.59554532
      0.10265706      0.65801694
      0.79049641       4.1203183
      0.66338605      0.69589224
      0.79566568       2.4161567
       1.2777624       1.5286861
      0.17740828      0.35352305
      0.57873374      0.24044997
      0.31269532       1.8401602
       1.0764790      0.82757741
      0.50983250      0.21021094
      0.75574780       2.8539142
      0.83044308       3.4903517
       1.0250249       2.7476808
      0.33456993      0.94736512
      0.68191731      0.49420248
      0.24585816       1.0508690
      0.13493387      0.27646501
       1.2216153      0.34508258
      0.20383081      0.81709301
      0.47317588       3.0462405
      0.23374456      0.51270680
      0.66917986       1.6861238
      0.40149412       2.3277906
      0.17465386      0.35933396
       1.2578983      0.43540300
      0.43041289      0.69140167
      0.85811925      0.50863577
      0.37118605       1.2326280
       1.0799922       2.8741603
       1.2316642       1.2542384
      0.77929837       1.5837763
      0.55272955       1.2932459
      0.86242741       3.4910725
      0.56068313      0.93827848
       1.0742828       3.7058849
      0.46240231       1.8849292
       1.2120191       2.3050840
      0.33415717       3.7795809
       1.1951520      0.37622028
      0.98357755       1.0174363
       1.0897728       2.0470394
       1.2127625       1.0021870
      0.21304327      0.83807526
      0.92107928      0.37477841
      0.53325808      0.74004023
      0.60904688       5.0876077
      0.14261085       1.9714806
      0.77962160       4.6227597
      0.75563002       3.4144193
      0.35797504       1.1905766
       1.0553712       2.3764967
      0.28843734       1.1443595
      0.16137137      0.23983625
       1.1029769       1.1765476
      0.32640126       2.0128686
       1.1140662      0.83494096
      0.53857332      0.21391058
      0.87241846      0.68550156
      0.39314902      0.32902449
      0.26108888      0.43576385
       1.0541049       3.3761627
      0.31206691      0.16267627
      0.52251393      0.73628880
      0.48264149      0.80475777
      0.86665320      0.25241478
       1.2472583       1.2842545
      0.69209808       2.1510524
      0.37190220       1.0778837
      0.80019963      0.27822713
       1.1688259       1.9336447
       1.2271591       1.5541782
       1.2191136      0.25986676
       1.2322481      0.56169926
      0.20212603       1.4285188
      0.23403090      0.18088867
       1.0736612       2.6416755
       1.1122659       3.4729642
       1.2933174      0.39796661
      0.51523376      0.21593490
      0.52326775      0.97554356
      0.22099273      0.96210291
      0.68087232      0.69647547
      0.56009084      0.60161230
      0.99055612      0.18163611
      0.71242577       1.9647510
      0.54732913      0.54292547
       1.2533237       2.1946595
      0.14218901       1.4237005
      0.54581511       1.5509336
      0.28319573      0.39704162
      0.11484329       1.0908910
      0.48603618      0.86192619
       1.1316482      0.26664719
      0.24100938      0.24830607
      0.23333290       1.9578339
      0.53162187       4.0066441
      0.67400682      0.37123400
      0.93711799       3.9392464
       1.1199760       1.3822749
       1.0506896      0.22813811
      0.71768552      0.19596243
      0.63540411       3.0883190
      0.63592941      0.56646879
       1.2648973      0.64373995
       1.0605717       3.0170125
      0.71285623      0.85258886
      0.12446965       1.0041981
      0.68331873       2.0020496
      0.78714240       1.2128622
      0.16409527      0.46134380
      0.59366035      0.68470119
      0.39559942      0.18171297
       1.2821641       2.0157551
       1.0071118       2.5416945
       1.0616817      0.47787457
      0.85299605       3.0143635
      0.16475451      0.22950827
      0.99763060      0.24329963
      0.32857332       1.2222784
       1.2852355       2.1322049
      0.64290261      0.47386873
      0.80792403       3.8533076
      0.94353044       2.8684150
      0.70765102      0.35391715
      0.49845776      0.31959226
      0.36073944      0.22399747
      0.53197986       2.9203374
      0.78888816       3.7512627
       1.2057647       1.5201646
       1.0382978       2.8730243
       1.2443565      0.22040170
       1.0962585      0.56345719
      0.58922285       1.3853051
      0.38928479      0.18212512
       1.1782854       1.8459307
       1.1259563       2.3720389
      0.49630386       4.6609605
      0.27113977       1.5578460
      0.19928628       2.4761210
       1.0118643       1.5383477
      0.73206103       2.7014081
       1.2202520       2.7103700
      0.89301324      0.98422218
      0.95917380       2.2147603
       1.1715810      0.20391019
      0.25366163      0.43167325
       1.2581891       2.0342052
      0.24678159      0.78216862
       1.0239191      0.16403948
      0.82637244       4.3035890
       1.0109189       1.4432338
       1.2803159      0.50365032
      0.95205879       1.3931333
       1.1853725       2.6840956
      0.94186336      0.22293427
      0.41324341      0.57207130
       1.0207976      0.19697785
      0.81607717      0.42969441
       1.2692194       1.1634145
      0.50081813       2.1262435
      0.54845738       1.0098952
      0.63460416      0.64814314
      0.19966532      0.44334231
      0.87391055      0.17279640
      0.38756850      0.19126581
      0.51000881      0.67905889
      0.36577928       1.6030809
       1.1129680       2.5357929
      0.53631973      0.26926676
      0.85397053       3.6368812
       1.0723770      0.16829856
      0.34022138      0.20866443
      0.17211540      0.39515885
      0.55715621       4.9385064
      0.63969225      0.53776212
      0.72821468      0.46988286
       1.0758046      0.32674415
      0.91045129       3.0896505
      0.41708604      0.21186867
      0.43751070      0.18735325
      0.17608118       2.3573418
       1.0041213       2.9907393
      0.39052919      0.69703026
      0.94187224       2.4457830
      0.20208456      0.36421184
      0.21522981       3.1560688
       1.0693328       1.4380121
      0.22238618      0.18099472
      0.30430007      0.39834070
      0.51276582       1.0601496
      0.33441353       3.4087777
       1.0840014      0.36825484
       1.0775703       1.2181230
       1.2095749       1.8739092
       1.0723425       2.1042288
       1.0097827       2.1620050
      0.80724865       4.2685245
       1.1548979       2.3253724
       1.1976812      0.84741708
       1.1249739       1.0433245
      0.17178597      0.32823808
      0.30453801       1.5362246
       1.2579960       3.1393650
      0.80166078      0.56847952
      0.78517026       1.4169516
      0.52083224       4.9264476
      0.46302170       5.2231273
      0.98638159       1.8230743
       1.0908469       3.6091752
      0.13476498      0.80457149
      0.89130068       2.2424796
      0.30755419      0.40093515
       1.2838017      0.21487371
      0.26066673      0.36642597
      0.22898743       1.3813034
       1.2762754      0.99069243
      0.79710227      0.38531750
       1.2184714       1.6555132
      0.66739374      0.28401394
      0.94746488       1.2890937
      0.88272494      0.58244756
       1.2232521      0.88713439
      0.39023083      0.33760791
      0.98462319       2.0407240
      0.13735607       2.1297080
      0.56141722       4.3232337
      0.75307882       4.5430847
       1.1676251       1.4438872
      0.53765219      0.19073391
      0.79118520       3.8485686
       1.1707999      0.50683156
       1.0952375      0.35275451
      0.65121472      0.47040833
      0.21437672       2.8730928
      0.60238492      0.30363508
      0.24980482      0.49803772
      0.85948664       3.8616125
      0.96828991       2.4039139
      0.73261458      0.41490997
      0.34933493       2.0316215
       1.2534534      0.74149873
      0.53495109       2.9984233
       1.0468121      0.19034571
       1.2337105      0.46525947
      0.69603461      0.41388100
      0.99068546       2.1830766
      0.35336918       3.8012070
      0.61320466       4.6622991
      0.82478094       4.1072277
      0.29916954      0.36347474
      0.99829096       2.2129865
      0.73411125      0.20731804
       1.0070366      0.48992170
      0.23101002      0.43638484
       1.2922047      0.25474159
      0.94433987      0.82978071
      0.36219731       3.5957353
       1.0414106      0.16241433
      0.61076480      0.31778821
       1.1308529       2.3908587
      0.60861951      0.48094821
      0.94266331      0.34792589
      0.48237568       1.2170421
       1.1812193       1.9141493
      0.53839964      0.42700664
       1.0177078       2.9794715
      0.67352957       3.7717514
       1.0114924       1.4152091
      0.75050849       1.0615860
      0.19228798      0.90586607
      0.41827625      0.95261450
      0.21895419      0.25884843
      0.26123646       3.9008192
      0.43354464       2.0309539
      0.46226332       4.3323823
      0.28296757      0.38052888
      0.26377609      0.37328865
      0.23190206      0.71205492
      0.48124021      0.18071755
      0.67494708       1.8316892
      0.91501921       2.0132100
      0.48816025      0.26051098
      0.82160932      0.40918462
      0.93660736       3.6763444
       1.2966706      0.22886575
      0.61097842      0.83989794
      0.77309746      0.22741169
       1.1156447       1.1288421
      0.75847143      0.76815164
      0.66151232      0.39845302
      0.87081945      0.22727235
       1.1337744      0.29923189
      0.97214723      0.32817283
      0.17318621       2.0807666
      0.83897626       2.5208922
      0.27497280       3.3056281
      0.80620009      0.84038038
      0.87824559      0.78409107
      0.82600516      0.22679908
      0.56422561      0.44971013
      0.52574253      0.37000913
      0.65477639      0.25472769
       1.0328584       3.4566618
      0.22857687      0.19354255
      0.82552391      0.15458352
      0.31319362      0.25767825
      0.47107691       1.7032151
      0.78982884       4.3009540
      0.39475718       1.6837979
      0.76116228       2.9989561
      0.18551919       1.6831209
      0.66269284      0.57314398
      0.51727498       1.3789321
       1.1123363       1.0262686
      0.11541769       2.1765101
      0.45859078       1.1138234
      0.29877019       3.0194596
      0.85979438       1.2750754
      0.17243971       1.4737825
      0.58789557       3.1806064
      0.43378708      0.31684087
      0.67125636      0.26439780
      0.51799840       2.3542531
       1.1438690       1.2118558
      0.80946672      0.43513432
      0.55315387       1.3009633
       1.0300157       3.0007935
      0.68033808       4.5895749
      0.84970534       1.3002623
      0.26846331       4.1520557
      0.29161710      0.21679444
      0.19053178      0.82958516
       1.1725152       2.9032976
      0.92570728      0.21965225
      0.97670949      0.93551362
       1.0840757       2.3658457
      0.69732159       4.9238311
      0.84004152       1.0092689
      0.87236822      0.16917018
       1.1752969      0.26477799
      0.71137011      0.25406565
      0.85663354       3.4981066
      0.30184978       2.3950837
       1.0603878      0.20615786
      0.86975771      0.17015071
      0.53447747      0.83384066
       1.2858013      0.79494931
      0.13325582       1.6280529
       1.0243951       2.9157816
       1.2151961      0.46447280
      0.31777745      0.72485224
      0.77524751      0.25700534
      0.24372283      0.30716093
       1.1211861       2.6595892
       1.2164102       2.3222473
      0.61497706       1.3637908
       1.1921169      0.27197041
      0.95299733      0.34502929
      0.99902159      0.46849578
       1.1384386       1.6869906
       1.0126377      0.35649806
      0.61249024       3.5900460
      0.27145094      0.83485061
       1.2730612       2.4951923
       1.0743330      0.58381318
      0.88436115       1.6515403
      0.33073515       4.0869615
      0.36450908       2.8369277
      0.28569412       2.6416583
      0.12609939       1.6437060
      0.58849472       2.3365195
      0.89310694      0.70987774
      0.10045948      0.21881610
      0.35447913      0.39088551
       1.1146213       1.9410368
      0.42283386       1.1968323
      0.29335892       3.3317278
       1.0538676       3.3771124
      0.98710084       3.4740495
      0.17154786       1.2031565
      0.79949301       1.8576842
      0.50784016      0.88037135
       1.0243119      0.42704882
      0.78172332       1.3219297
      0.81999177      0.41941022
      0.88606882      0.75151697
       1.2537609       1.4062504
      0.69537443      0.45097382
      0.55573404       2.4187197
      0.78545481      0.20996349
      0.69641238      0.53071641
       1.2754701       2.7147049
      0.50600636       1.9604117
       1.0116726      0.37457032
      0.99130088       1.1557170
       1.2961580      0.22858902
      0.46059501       3.3027722
       1.1972498       1.0627349
       1.0585434       2.3692096
       1.2159069      0.23523459
      0.20313972       3.7885272
      0.22449788      0.99849582
      0.38279635      0.25326416
      0.12356165      0.54534326
      0.62580264       3.7450314
      0.39504978      0.38215078
      0.25125501       4.4245442
      0.13691252       1.0448963
      0.34363836       1.2796413
      0.30721650      0.34510085
       1.1098512      0.16827155
       1.0933125      0.30312478
