      0.30328000      0.72626170
       1.2012000       1.6123411
      0.28535998       1.2869741
      0.58219200      0.12839819
       1.2705761       1.2911762
      0.48939198       2.1249909
      0.79006398      0.14391891
      0.22507198       1.0989712
      0.23787198       9.4443389
      0.86660796       1.8538574
      0.31505603      0.33371391
      0.73310399      0.34711691
      0.13995200      0.33832664
      0.29879996       1.1652640
      0.28920001       1.0370630
      0.15275200     0.085123361
      0.12369599      0.16260799
      0.68356800      0.56356446
      0.14942400      0.55119579
      0.18923199      0.18805473
      0.38993597      0.13330649
      0.38302398      0.87842815
      0.15160000      0.25555839
      0.28535998      0.68630044
      0.34590399       1.8056898
      0.51601601      0.15034530
      0.36907199      0.48005835
      0.89528000       2.3208441
      0.36907199       1.1230009
      0.25847998      0.11205140
      0.13137600      0.58117414
      0.40196797       1.6662713
      0.98103994       1.0425377
      0.72798401       3.5909966
      0.66014403      0.32090818
       1.0429920      0.12062488
      0.38072002      0.13312281
      0.40798396      0.79952144
       1.3435359      0.76702714
      0.40196797      0.33845295
      0.21547198      0.28518167
      0.16990398      0.46809340
       1.0621920      0.15142045
      0.48388800       3.2376357
      0.51601601      0.15988067
      0.48939198       3.6740334
      0.91358399       3.0078327
      0.15044799      0.41828002
      0.20907198      0.59321092
       1.0221280       1.3343956
      0.11767999      0.18023313
      0.16312000      0.84781749
      0.26231995      0.23553787
      0.17886400      0.46931031
      0.36676797       1.4818846
      0.62251198       3.2746330
      0.11089599      0.29186168
      0.80273598       3.2434110
      0.18769600      0.72643202
      0.73310399       5.6688637
       1.2438240       1.4733966
      0.30328000      0.90751211
      0.41720003       3.1979822
      0.18334401      0.49411857
      0.21700799      0.50526674
      0.26039997      0.21797031
      0.42014399       5.5123064
      0.97105598       2.9242459
      0.24427198      0.67186923
      0.23147197      0.77271448
      0.19358398      0.61735778
      0.35755196      0.87312983
      0.28920001       1.0906287
      0.42628801      0.12607820
      0.13713598      0.65118224
      0.50449592       1.5576002
      0.40798396       1.9143488
      0.18923199      0.15627507
      0.29111999      0.74598972
      0.13611201      0.28910810
      0.85521597      0.12448476
      0.44753596      0.27606815
      0.36907199       1.2878121
      0.15851200      0.18655423
      0.38993597      0.16714035
      0.16312000      0.31556298
      0.64593595      0.21532378
      0.42321595       10.012550
      0.55031997       1.8650543
      0.73310399       2.3238978
       1.1831520      0.32960247
      0.55787200      0.16668816
      0.31505603      0.16530934
      0.37598401       1.0631849
      0.36215994      0.87001338
      0.49771202      0.33239023
      0.18628800      0.15430508
       1.2064480       1.5455446
      0.19806400      0.56395050
      0.12868798      0.13000714
       1.0771680       1.5645843
      0.28343999      0.30653227
      0.16990398      0.23363414
      0.26808000      0.47870866
      0.30084801      0.52266206
       1.2813280      0.94133836
      0.62251198       1.3113071
      0.27383998      0.16534963
      0.13995200      0.47196830
      0.56555200       4.4516148
      0.60369599       4.4230390
      0.37367997       2.8647627
      0.37367997       3.9880820
       1.1173600       2.0530194
      0.18475197      0.58271060
      0.33643201      0.72146866
      0.55031997      0.10614097
      0.35294399      0.64313215
       1.1589600      0.14815292
      0.64593595       3.6782142
       1.2438240      0.98659832
      0.21393600      0.63140735
      0.34590399      0.68663260
      0.19652797      0.66995432
      0.31031999       2.7069351
      0.60843200       1.0375424
      0.26999995     0.079178464
       1.2064480      0.74500001
      0.12446398      0.15406627
       1.2492000       1.5330506
       1.3332961       1.3142951
      0.26039997      0.68391576
      0.34820798      0.23739337
      0.40798396       5.9718518
       1.0481120       1.3246744
      0.19806400      0.90724028
      0.13521600      0.12273153
      0.31505603      0.95738447
      0.16081600      0.35556815
      0.52740800       1.4577259
      0.66475201       2.7388184
      0.12868798      0.14102502
      0.17732798      0.29418627
      0.17220798      0.43516666
      0.21393600     0.074819959
      0.40503997       3.7907334
      0.22980799      0.32809087
      0.62724799      0.56895785
      0.74321598      0.29359932
      0.14558400      0.45739042
      0.14379200      0.13223770
      0.40503997       2.7265686
      0.20907198      0.42055435
      0.12369599      0.50510907
      0.22340800      0.67019586
      0.18334401      0.78094710
      0.21867201      0.24701629
      0.16542397     0.075705473
      0.32452798       1.1455518
      0.17335998      0.51416453
      0.43844801      0.67799897
      0.14276800      0.55035493
      0.59678400       1.7814815
      0.16990398      0.56392237
      0.11179200       1.4043749
      0.29303998      0.53505836
      0.21073601      0.64216313
      0.41720003       7.2257288
      0.64593595      0.24778026
      0.27575999      0.26808511
      0.16081600      0.47751791
      0.51972801       2.3192020
      0.42935997       3.1140599
      0.23147197      0.27159238
      0.59678400       4.1828244
      0.96094394       1.9443325
       1.3281760      0.75149170
      0.55787200       3.3649465
      0.11601599      0.40525703
      0.69304001      0.26365447
      0.42321595       4.4021834
      0.18628800      0.92519889
      0.70264000       1.9542518
      0.55416000       2.3877292
      0.34590399      0.67594981
      0.91358399       3.9100350
      0.61304003      0.61768784
      0.31748798       1.0863163
      0.33169597      0.34353304
      0.17220798      0.47354546
       1.1891680      0.88564380
      0.38993597       1.4777127
      0.69764799       2.9819871
      0.29303998       1.3978486
      0.47275197      0.87573719
      0.15505600      0.52715543
      0.14187199      0.51563438
      0.36446398      0.61123455
       1.1173600       1.2419802
      0.73822397      0.35364686
       1.3537760       1.3451039
      0.13137600      0.73055876
      0.51601601      0.38268519
      0.21073601      0.25223791
      0.38993597       6.7018550
      0.45611197       2.8577196
      0.87812799       2.9583855
      0.52356798       2.0168308
      0.99627197       3.2598904
      0.68356800      0.61651715
      0.28152001      0.72779697
      0.34820798      0.91760103
      0.67422390       4.5583408
      0.85521597       2.7512250
      0.17105600       1.0755883
      0.52740800       3.5407553
      0.21227199      0.55477061
      0.28535998      0.87474621
      0.60843200       3.3572234
      0.38072002      0.84662036
      0.29688001       1.8722139
      0.16542397      0.50395043
      0.72299200       3.1028421
      0.50833595      0.78712999
      0.41720003      0.84921586
      0.18334401      0.19218808
      0.33399999      0.71343839
      0.12024000      0.58336197
      0.45611197       2.4278694
      0.19064000      0.83209800
      0.55787200       4.0371095
      0.56939197       2.8909859
      0.93227190      0.36805801
      0.16196799      0.75310695
      0.16657600      0.37250141
      0.19064000      0.52594570
      0.45611197       2.5683685
      0.15160000       1.2592846
      0.90731198      0.19185432
      0.51601601       2.4672775
      0.19217600      0.65325708
      0.84023994       3.5384448
      0.61304003      0.57640140
      0.19652797      0.15487763
      0.31275201      0.74782872
      0.95083195      0.52583220
      0.52740800       1.2986530
      0.50833595       2.3187622
      0.15505600      0.41107100
      0.28727999       3.6605605
      0.14468798      0.53023465
       1.2759520       1.0497860
      0.28920001      0.52594471
       1.3025760       2.6593993
      0.30801597       1.4941314
      0.51972801      0.18235806
      0.48107198       1.4226190
      0.24900800      0.30818488
      0.41105598       1.2397126
      0.26424000      0.68199734
      0.11601599      0.29463417
      0.95582402      0.87989262
      0.48670396       1.2611747
      0.64593595       3.3157887
      0.71275204       2.2982926
      0.50065601       2.6353327
      0.84023994       5.0908409
      0.49502402       6.8546199
      0.39454400      0.66825889
      0.27767995      0.60879531
       1.0065120       3.2447160
      0.16542397      0.63648699
      0.28535998       1.0180699
      0.13905600      0.42170157
      0.88388801      0.20014454
      0.21073601      0.75270107
      0.39223999      0.39080771
      0.19652797      0.59497538
      0.25847998       1.1305649
      0.34820798       1.0753580
      0.32222399      0.20536083
      0.15620798      0.53685637
      0.27192000       1.4288421
      0.48388800      0.14861365
      0.62724799       4.2862978
       1.1771359       1.9786647
      0.71275204     0.085279625
      0.22340800      0.32747136
      0.17451198      0.50999136
      0.25080001      0.62100866
      0.19217600      0.23961645
      0.11601599      0.51743928
      0.91358399       3.4153302
      0.28152001      0.20384444
      0.12190399     0.086784379
      0.43844801       1.8154648
      0.36907199       1.7351514
      0.30558398       1.1339559
      0.12113600      0.70703950
      0.28343999     0.099877771
      0.23940799      0.73187498
      0.21700799      0.40950323
      0.20753600      0.38620307
      0.34116799       2.1206660
      0.31748798       1.3524428
      0.16542397      0.56524204
      0.23940799      0.10942820
      0.11268799      0.54392739
      0.70763201      0.10204731
      0.14660800      0.17643895
       1.3179361       2.8554818
      0.66948801       2.5053257
      0.70763201      0.94360617
      0.43537599       1.1854691
      0.89528000       3.9232999
      0.34116799       1.3847520
      0.50449592       5.5293777
      0.51217598       1.7816608
      0.14558400      0.55593718
      0.44753596      0.62628281
      0.11601599      0.33985940
      0.28343999       1.3793068
      0.80747199       2.6597089
       1.2705761       2.5605091
      0.90731198       2.7551079
      0.23300800      0.61741277
      0.60843200       1.7768344
       1.1709920       2.0261426
      0.45060795       3.7633289
      0.33873600      0.87109008
      0.15044799      0.21203395
      0.25080001      0.19334074
      0.67422390       6.2328430
      0.15505600      0.45155691
      0.97604799      0.58025531
      0.37367997       1.4102075
      0.13995200      0.56479545
      0.48670396      0.37346629
      0.51601601      0.32089818
      0.19806400      0.21959223
       1.0481120       2.7189421
      0.35985601      0.72727767
      0.18040000      0.54834637
      0.95582402       6.3187626
      0.40196797       2.0338062
      0.47838399       2.6024304
       1.3179361       4.4962108
      0.22827198      0.25620515
      0.50833595      0.39132755
      0.20433597      0.41112745
      0.65540802       1.7594500
      0.43243197     0.083118923
      0.95083195       9.2066818
      0.39454400      0.55650719
      0.28152001      0.18419462
      0.98103994      0.26417683
      0.35063997      0.30689553
      0.63185602      0.45240682
      0.14379200      0.56843200
       1.1771359       2.2253761
      0.35524800       1.4919038
      0.14660800      0.66381149
      0.15275200      0.59493935
      0.99115199       3.7573549
      0.14379200      0.43909056
      0.38763192       1.8476700
      0.51972801       1.4320758
      0.16427198      0.65111409
      0.48670396       2.2231289
      0.26999995       1.9154502
      0.42014399       2.0262903
      0.24580798      0.72419596
      0.14750400      0.23368924
      0.29111999      0.68685110
      0.29111999      0.62696299
      0.13803199      0.15309087
      0.71275204      0.12689893
      0.17886400      0.67964630
      0.48388800      0.28991933
      0.24427198      0.20070679
      0.59678400       2.1124703
      0.85521597       2.7673547
      0.17886400      0.59296796
      0.62724799      0.88303231
      0.46993601      0.49298458
      0.15851200      0.29356811
      0.21700799      0.68354867
      0.36907199       3.1775122
      0.86660796       2.4794742
      0.16772798      0.55630797
      0.35063997      0.74336906
      0.34820798      0.68019904
      0.79710400      0.18443563
      0.13521600      0.35984086
      0.18475197      0.60171534
      0.29688001      0.87191754
      0.30328000       4.7518342
      0.66475201       1.7744960
      0.12702400      0.55724117
      0.25847998      0.96634309
      0.20433597      0.60432147
      0.44459200      0.81705645
      0.15505600      0.42425327
      0.20267200      0.19306424
       1.2865760       2.3313282
      0.13611201      0.49693064
      0.13905600      0.56179400
      0.22827198      0.60467361
      0.22980799      0.98506420
      0.27383998      0.29810827
      0.37841600      0.84603559
      0.53880000       2.5032973
       1.0696158       2.4624678
      0.43844801      0.34810155
      0.22660798       1.1646960
      0.27959997      0.61283532
      0.91358399       3.3192590
       1.1113440       2.8600871
      0.38763192       2.6273151
      0.58219200      0.54908560
      0.20587200      0.24081769
      0.26999995      0.61981070
      0.45060795       6.6037142
      0.18475197      0.31403232
      0.12113600      0.59239134
      0.64132798      0.26531796
      0.11691199      0.50445014
      0.16542397      0.58395789
      0.76894403       2.8870814
      0.43844801       1.4800002
      0.19806400      0.64260453
      0.24580798      0.23678048
      0.82155204       1.4701367
      0.97604799       1.3543046
      0.35524800      0.70074819
      0.35985601       1.1917938
      0.19358398       1.2825728
       1.0324960       1.7494462
      0.14750400      0.37303755
      0.37367997       1.0861507
      0.96593595       1.8845453
      0.74321598      0.86186096
       1.2545760      0.86054038
      0.27383998       1.2334898
      0.53508800      0.32171576
      0.13905600      0.41951506
      0.35063997      0.63485006
      0.24260798      0.65193935
      0.14660800      0.30526657
      0.20267200      0.40318129
      0.26039997      0.61720822
       1.0117600       2.7296914
      0.86097592       2.5226298
      0.41105598       1.5214502
      0.50065601      0.39294772
      0.46993601      0.39108346
      0.53124797      0.59129067
      0.22187200      0.11904481
      0.12702400      0.47814009
       1.2865760       1.0270058
      0.44151998       1.3226111
      0.81220800       2.7064487
      0.20587200      0.60479655
      0.42935997      0.39420062
      0.25463998      0.61774173
      0.23620798      0.51863822
      0.37598401      0.44674834
      0.36676797       1.0009812
      0.89528000       1.8698546
      0.40196797       2.1613242
      0.55031997       3.2447759
      0.39684802       1.4196857
      0.42935997      0.84309441
      0.50833595      0.77616712
       1.2599520       1.0895584
      0.14750400     0.079893522
      0.47275197       2.8112901
      0.27767995      0.22466087
      0.92599994      0.17076354
      0.16542397      0.17037084
      0.54648000      0.95224848
      0.91985601       1.7179871
      0.31031999      0.38083171
      0.49220800       3.3876011
      0.17220798      0.89701594
      0.70264000       6.1052458
      0.23620798      0.50095885
      0.35755196       3.5343471
      0.47556800      0.77889609
      0.15851200      0.22078550
      0.32695997       2.2414099
      0.11767999      0.53459068
      0.25080001      0.93213633
      0.46161598       1.2244111
      0.80273598       1.3189650
      0.47275197       2.0734947
      0.43537599       1.9925828
      0.15275200      0.42999911
      0.35985601       1.8928136
      0.63659203       8.3882248
      0.20113599      0.33144083
      0.26615998      0.98183219
       1.3588960       1.2088062
      0.22980799      0.79450899
      0.70264000       2.1535073
      0.17451198      0.60010026
      0.72798401       4.7928393
      0.18334401      0.97728539
       1.2545760      0.39049337
      0.51601601      0.45146900
      0.62251198       5.8566308
      0.22340800       1.5853165
      0.11345599      0.22909649
      0.18923199      0.39862324
      0.44459200       2.4520089
      0.89528000      0.19443074
      0.13803199      0.56220237
      0.17335998      0.60142680
      0.33873600      0.60439962
      0.21700799       1.0935933
       1.1232481       1.5650818
      0.23300800      0.64847477
      0.39915198      0.68931909
      0.19947198      0.45252266
      0.39915198      0.48774090
      0.14276800      0.16687319
      0.66014403       2.3797937
      0.12958400      0.46342433
      0.17105600      0.57263426
      0.37137598       2.7899447
      0.26999995       1.2896725
      0.37367997      0.39105278
      0.18769600      0.35907735
       1.2599520      0.75422266
      0.24260798      0.42798247
       1.0273759       2.2259043
      0.27575999      0.38601518
      0.29111999       3.0029965
      0.29303998       1.1226177
      0.84023994       2.9911483
      0.34590399       3.8617269
      0.23467198      0.64404067
      0.12702400      0.25244666
      0.50449592       1.0174172
      0.59678400      0.95835905
       1.1113440      0.60823619
       1.1951840      0.30115079
      0.39915198      0.21299879
      0.21867201      0.41424833
      0.38993597      0.41192249
      0.12868798      0.83958959
      0.21227199      0.17736701
      0.13047999       4.9540123
      0.18769600      0.23404050
      0.45892799       5.3638171
      0.62724799       2.1224559
      0.52356798       2.4874460
      0.24260798      0.15315527
      0.22340800      0.40895151
      0.46161598       1.2115649
       1.2172002      0.30420949
      0.14852800      0.23757313
      0.40798396       1.7797579
      0.17591999      0.27386926
      0.27959997      0.92298800
      0.19652797      0.72388081
      0.96593595       1.7233587
      0.18628800       1.0967921
      0.29879996      0.67797716
      0.19652797       1.2964817
      0.25847998      0.53201492
      0.41412801       2.0671786
      0.30084801       2.1698806
      0.15966399      0.67355158
      0.26999995       2.6047182
      0.27767995       1.3892573
      0.22660798       1.2321550
      0.53508800       1.1695976
      0.39454400      0.24653452
      0.40196797      0.38006412
      0.59678400       2.8773225
      0.56555200       2.6249902
      0.35755196      0.51050636
      0.34590399       4.1818279
      0.16312000       2.3983306
      0.36215994       1.9593181
      0.34116799      0.13501088
      0.36907199      0.44099616
      0.14852800      0.66494737
      0.20753600       1.3203776
      0.48670396       2.6069725
      0.11435200      0.42659090
      0.14750400      0.69021061
      0.12369599      0.49442888
      0.17335998      0.17770974
      0.41720003       7.1837091
       1.3537760      0.35065298
      0.28343999      0.35488203
      0.21867201      0.11249313
      0.43844801      0.10479267
      0.47556800       2.1866036
      0.35985601      0.35259597
      0.37137598       3.6447893
      0.34347200      0.64287848
      0.12791999      0.43943983
       1.2545760       1.3792853
      0.18923199       1.1115013
      0.90104002       5.8582320
      0.32695997      0.54508509
      0.38072002       5.9605906
      0.25847998      0.14659278
      0.26999995      0.52336033
      0.28152001      0.23531712
      0.17105600      0.40629875
      0.30084801       1.8715705
      0.27575999      0.24992027
       1.1232481       1.4714521
      0.32222399       1.3963488
      0.25463998       3.0103214
      0.42321595       1.2649060
      0.50449592       2.3382953
      0.13431999      0.29894287
      0.84484804       1.5295866
       1.0065120       2.2051669
      0.69304001       3.5855261
      0.31505603      0.88988305
      0.60843200       1.8913041
      0.45892799       5.4823355
      0.67896003       4.7252340
      0.16990398      0.57045772
       1.2118241      0.18160062
      0.53124797       3.5917195
      0.99627197       2.6057650
      0.24580798      0.24713498
      0.28343999       1.4032195
      0.25080001       1.9573883
      0.18923199      0.34475118
      0.60369599       2.6788617
      0.48939198      0.96214793
      0.38302398      0.45642776
      0.22187200      0.78725848
       1.1649761       1.4745543
      0.42935997      0.75300171
      0.19806400      0.17476022
       1.1529440       1.6413345
      0.21547198      0.19315481
      0.48388800      0.25389458
      0.28343999      0.76007825
      0.47556800       1.4886862
      0.84958398       3.1435743
      0.17335998       1.0177353
      0.35985601      0.85951251
      0.20267200      0.70008390
      0.31031999      0.76407798
      0.48107198       1.3304685
      0.43243197       2.8008640
      0.59678400      0.58331053
      0.31275201       1.5570938
       1.1232481       2.4135227
      0.89528000      0.20966412
      0.19947198      0.55018382
      0.68830401       3.0714117
      0.18334401      0.38544702
      0.76190400      0.37535977
       1.2652000      0.24881696
      0.38993597      0.15223815
      0.52740800       3.8700995
      0.32222399       1.0382664
      0.23787198      0.45870876
      0.53124797       5.8362542
      0.41105598      0.75995247
      0.45892799      0.75017078
       1.0324960      0.49768888
      0.16312000      0.82387118
      0.65540802       1.0740174
      0.55416000       3.4335405
      0.42014399       1.1210586
      0.14852800      0.21620182
      0.54648000       1.7401299
      0.62251198       2.5017203
      0.15505600      0.24607115
      0.43243197       2.0540163
      0.99115199       3.1771700
       1.1589600      0.83475178
      0.13611201      0.56870970
      0.47556800       1.0935335
      0.39915198      0.50210080
      0.83550400      0.94983093
      0.48670396      0.36709930
      0.17732798      0.35388254
      0.73310399       2.2430008
      0.36215994       1.0385010
      0.48388800       1.5100600
      0.27959997       1.4860310
      0.63185602      0.18816261
      0.40503997       1.9060207
      0.19217600      0.52115854
      0.23620798      0.59489419
      0.41720003       2.3113818
      0.21867201      0.77187285
      0.84023994      0.20499561
      0.17732798      0.20076287
      0.28535998       2.0505043
      0.98103994       2.8751873
      0.17732798       1.1955137
      0.27767995      0.42572168
      0.79006398      0.73940361
      0.50065601       2.8466141
      0.11511999      0.43465918
      0.83550400      0.37124293
      0.23467198      0.57618850
       1.0429920       2.9104884
      0.20907198      0.62290806
      0.70264000       1.0108688
       1.0994400       3.4063983
      0.13611201      0.70889229
      0.46161598      0.14981961
       1.2599520       1.1492447
      0.94481605      0.48952581
       1.3742560      0.21244914
      0.62724799      0.68084491
      0.74321598       6.4032434
      0.33643201       1.1456257
      0.50833595       8.3598240
      0.37598401       1.0526885
      0.34820798      0.47381015
      0.20907198       1.1876352
      0.52740800      0.20067998
      0.95083195       3.2306486
      0.46161598       1.9151927
      0.84484804       3.5824244
      0.30084801      0.70602349
      0.37137598      0.46691846
      0.80747199       5.5461719
      0.21700799      0.26076757
      0.34116799       1.5140276
       1.2973280       3.5844354
      0.33169597      0.36182278
      0.12625599      0.95817187
      0.26424000       4.8622518
      0.16427198      0.50680443
      0.27575999      0.29440057
      0.83089596       1.8847016
      0.69304001       2.0166368
      0.38072002      0.96556296
      0.46724799       1.0294702
       1.2172002       1.1142474
       1.2759520       1.2768377
      0.20587200      0.61552233
      0.13329600      0.96438107
      0.45892799       1.6924699
      0.32926398       1.4711076
      0.34116799      0.16861480
      0.16888000      0.93395638
      0.13329600      0.11999990
      0.88388801       1.4574431
      0.43844801       2.5485417
      0.39454400      0.84568312
      0.11691199      0.35853619
      0.11767999      0.28506246
      0.69304001       2.0527321
      0.22020799      0.64922440
      0.14750400      0.18562045
      0.55031997       8.9928272
      0.35524800       5.5740765
      0.12535998      0.61048033
      0.26999995       1.0976567
      0.41720003      0.49955910
      0.49502402       1.0840594
       1.1469279       1.5744636
      0.22020799       1.2930251
      0.35294399      0.56133366
      0.15044799       5.7228600
      0.13047999       4.2562697
      0.55031997       3.3881410
      0.13611201     0.070612665
      0.25847998      0.94575266
      0.28727999      0.45409900
      0.18334401      0.39209706
      0.32926398      0.15301942
      0.40503997       4.4722374
      0.18628800      0.31160840
      0.31979197       2.9844568
      0.23787198      0.12275245
      0.33399999       2.9398027
      0.52740800       1.8255341
      0.14187199       5.9521637
      0.26808000       5.6406120
      0.47556800      0.82246481
      0.24580798      0.72692304
       1.0994400       1.9060203
       1.1173600      0.14482458
      0.84023994       3.9343003
      0.13329600      0.13500620
      0.34820798      0.13841813
      0.55031997       2.1344940
      0.15851200      0.17150694
      0.68356800      0.27501514
      0.99115199       1.2274157
      0.15160000      0.52092179
      0.39454400       2.1142039
       1.2865760      0.65181657
      0.47838399       2.4496363
      0.19358398       4.3649789
