      0.30328000      0.81049275
       1.2012000       1.5627897
      0.28535998       1.4241011
      0.58219200      0.14573164
       1.2705761       1.2971755
      0.48939198       2.3079212
      0.79006398      0.17609057
      0.22507198       1.2203521
      0.23787198       10.493823
      0.86660796       1.9069702
      0.31505603      0.37680102
      0.73310399      0.40397810
      0.13995200      0.38165673
      0.29879996       1.2910705
      0.28920001       1.1511611
      0.15275200     0.097389035
      0.12369599      0.18484948
      0.68356800      0.63662148
      0.14942400      0.61786329
      0.18923199      0.21395235
      0.38993597      0.15179975
      0.38302398      0.97424411
      0.15160000      0.28941254
      0.28535998      0.76675770
      0.34590399       1.9834960
      0.51601601      0.17032173
      0.36907199      0.53811534
      0.89528000       2.2159186
      0.36907199       1.2411346
      0.25847998      0.12811825
      0.13137600      0.65071955
      0.40196797       1.8277114
      0.98103994      0.92244057
      0.72798401       3.8905729
      0.66014403      0.36479558
       1.0429920      0.11374133
      0.38072002      0.15163048
      0.40798396      0.88727048
       1.3435359      0.77575598
      0.40196797      0.38106644
      0.21547198      0.32295259
      0.16990398      0.52615915
       1.0621920      0.14212687
      0.48388800       3.4949877
      0.51601601      0.18100743
      0.48939198       3.9566549
      0.91358399       2.8378197
      0.15044799      0.47066964
      0.20907198      0.66485827
       1.0221280       1.1258647
      0.11767999      0.20462580
      0.16312000      0.94500375
      0.26231995      0.26731530
      0.17886400      0.52761539
      0.36676797       1.6308866
      0.62251198       3.5074136
      0.11089599      0.32949716
      0.80273598       3.5658692
      0.18769600      0.81170305
      0.73310399       6.3494116
       1.2438240       1.4673802
      0.30328000       1.0091846
      0.41720003       3.4711401
      0.18334401      0.55515063
      0.21700799      0.56759343
      0.26039997      0.24760681
      0.42014399       5.9353520
      0.97105598       2.6279483
      0.24427198      0.75122800
      0.23147197      0.86232484
      0.19358398      0.69151508
      0.35755196      0.96939973
      0.28920001       1.2097038
      0.42628801      0.14346630
      0.13713598      0.72809356
      0.50449592       1.6986871
      0.40798396       2.0946482
      0.18923199      0.17812852
      0.29111999      0.83230282
      0.13611201      0.32674070
      0.85521597      0.14551398
      0.44753596      0.31115243
      0.36907199       1.4202061
      0.15851200      0.21206285
      0.38993597      0.18991269
      0.16312000      0.35655579
      0.64593595      0.24550291
      0.42321595       11.167609
      0.55031997       2.0219953
      0.73310399       2.5507092
       1.1831520      0.30003884
      0.55787200      0.18862578
      0.31505603      0.18825452
      0.37598401       1.1757375
      0.36215994      0.96582364
      0.49771202      0.37285064
      0.18628800      0.17588945
       1.2064480       1.4991525
      0.19806400      0.63258305
      0.12868798      0.14812029
       1.0771680       1.2870470
      0.28343999      0.34668681
      0.16990398      0.26501824
      0.26808000      0.53793984
      0.30084801      0.58641474
       1.2813280      0.94059592
      0.62251198       1.4314204
      0.27383998      0.18838754
      0.13995200      0.53005420
      0.56555200       4.7487140
      0.60369599       4.7045096
      0.37367997       3.1222465
      0.37367997       4.3268056
       1.1173600       1.8498822
      0.18475197      0.65314635
      0.33643201      0.80421030
      0.55031997      0.12064847
      0.35294399      0.71782316
       1.1589600      0.14106106
      0.64593595       3.9398962
       1.2438240      0.95258989
      0.21393600      0.70696345
      0.34590399      0.76573518
      0.19652797      0.74957612
      0.31031999       2.9628778
      0.60843200       1.1364003
      0.26999995     0.090757340
       1.2064480      0.63037664
      0.12446398      0.17523444
       1.2492000       1.5344274
       1.3332961       1.3318910
      0.26039997      0.76432602
      0.34820798      0.26898939
      0.40798396       6.4291315
       1.0481120       1.1083924
      0.19806400       1.0107083
      0.13521600      0.13993681
      0.31505603       1.0632263
      0.16081600      0.40109985
      0.52740800       1.5896168
      0.66475201       2.9589280
      0.12868798      0.16055947
      0.17732798      0.33283685
      0.17220798      0.48967749
      0.21393600     0.085802780
      0.40503997       4.1084698
      0.22980799      0.37082378
      0.62724799      0.63383238
      0.74321598      0.34465040
      0.14558400      0.51398149
      0.14379200      0.15073222
      0.40503997       2.9688037
      0.20907198      0.47374012
      0.12369599      0.56649354
      0.22340800      0.74961722
      0.18334401      0.87167023
      0.21867201      0.28023295
      0.16542397     0.086719265
      0.32452798       1.2681285
      0.17335998      0.57721989
      0.43844801      0.75342391
      0.14276800      0.61683773
      0.59678400       1.9273893
      0.16990398      0.63220204
      0.11179200       1.5551996
      0.29303998      0.60013215
      0.21073601      0.71885919
      0.41720003       7.7950073
      0.64593595      0.28187425
      0.27575999      0.30374870
      0.16081600      0.53648755
      0.51972801       2.5099500
      0.42935997       3.3781889
      0.23147197      0.30773185
      0.59678400       4.4540548
      0.96094394       1.6972129
       1.3281760      0.75990315
      0.55787200       3.6089854
      0.11601599      0.45571428
      0.69304001      0.30394647
      0.42321595       4.7542681
      0.18628800       1.0302984
      0.70264000       2.1416317
      0.55416000       2.5766869
      0.34590399      0.75401863
      0.91358399       3.9271100
      0.61304003      0.68504661
      0.31748798       1.2039163
      0.33169597      0.38752620
      0.17220798      0.53222852
       1.1891680      0.74359382
      0.38993597       1.6247280
      0.69764799       3.2301442
      0.29303998       1.5447868
      0.47275197      0.96687385
      0.15505600      0.59135713
      0.14187199      0.57842530
      0.36446398      0.68252657
       1.1173600       1.0331622
      0.73822397      0.41229261
       1.3537760       1.3598207
      0.13137600      0.81551527
      0.51601601      0.42813177
      0.21073601      0.28609226
      0.38993597       7.2114514
      0.45611197       3.0975406
      0.87812799       2.9139695
      0.52356798       2.1872555
      0.99627197       2.9491557
      0.68356800      0.69478790
      0.28152001      0.81238823
      0.34820798       1.0183226
      0.67422390       4.8754702
      0.85521597       2.8393240
      0.17105600       1.1952278
      0.52740800       3.8036679
      0.21227199      0.62237011
      0.28535998      0.97356563
      0.60843200       3.5900589
      0.38072002      0.93963023
      0.29688001       2.0605590
      0.16542397      0.56581597
      0.72299200       3.3718863
      0.50833595      0.86920421
      0.41720003      0.94097958
      0.18334401      0.21856761
      0.33399999      0.79547981
      0.12024000      0.65295091
      0.45611197       2.6380339
      0.19064000      0.92802814
      0.55787200       4.3166210
      0.56939197       3.1058834
      0.93227190      0.36504645
      0.16196799      0.84076911
      0.16657600      0.42000455
      0.19064000      0.59046616
      0.45611197       2.7883380
      0.15160000       1.3964852
      0.90731198      0.20132711
      0.51601601       2.6681880
      0.19217600      0.73110736
      0.84023994       3.8381035
      0.61304003      0.64023734
      0.19652797      0.17658711
      0.31275201      0.83386566
      0.95083195      0.50103277
      0.52740800       1.4191900
      0.50833595       2.5114273
      0.15505600      0.46272620
      0.28727999       3.9944755
      0.14468798      0.59461783
       1.2759520       1.0497998
      0.28920001      0.59008038
       1.3025760       2.7058152
      0.30801597       1.6488290
      0.51972801      0.20614971
      0.48107198       1.5562915
      0.24900800      0.34858214
      0.41105598       1.3653832
      0.26424000      0.76218117
      0.11601599      0.33265593
      0.95582402      0.81003582
      0.48670396       1.3820756
      0.64593595       3.5592353
      0.71275204       2.5128099
      0.50065601       2.8500145
      0.84023994       5.9158732
      0.49502402       7.3222381
      0.39454400      0.74432647
      0.27767995      0.68150361
       1.0065120       2.9252258
      0.16542397      0.71227259
      0.28535998       1.1304468
      0.13905600      0.47431147
      0.88388801      0.21964932
      0.21073601      0.84062836
      0.39223999      0.43919257
      0.19652797      0.66684024
      0.25847998       1.2539702
      0.34820798       1.1903498
      0.32222399      0.23327301
      0.15620798      0.60210205
      0.27192000       1.5791333
      0.48388800      0.16849552
      0.62724799       4.5691129
       1.1771359       1.9029448
      0.71275204     0.095032569
      0.22340800      0.37014780
      0.17451198      0.57261567
      0.25080001      0.69514657
      0.19217600      0.27189612
      0.11601599      0.58000688
      0.91358399       3.3372402
      0.28152001      0.23172323
      0.12190399     0.099150079
      0.43844801       1.9839203
      0.36907199       1.9049535
      0.30558398       1.2565631
      0.12113600      0.78943044
      0.28343999      0.11429393
      0.23940799      0.81731019
      0.21700799      0.46143921
      0.20753600      0.43557877
      0.34116799       2.3248217
      0.31748798       1.4939273
      0.16542397      0.63360326
      0.23940799      0.12514930
      0.11268799      0.60924251
      0.70763201      0.12002185
      0.14660800      0.20059485
       1.3179361       2.9018792
      0.66948801       2.7139316
      0.70763201       1.0573809
      0.43537599       1.3046956
      0.89528000       4.0368564
      0.34116799       1.5273513
      0.50449592       5.9095182
      0.51217598       1.9376744
      0.14558400      0.62304956
      0.44753596      0.69662314
      0.11601599      0.38303777
      0.28343999       1.5248125
      0.80747199       2.9332867
       1.2705761       2.6075471
      0.90731198       2.5478790
      0.23300800      0.69134143
      0.60843200       1.9235956
       1.1709920       1.9403873
      0.45060795       4.0644617
      0.33873600      0.96789989
      0.15044799      0.24062892
      0.25080001      0.21993335
      0.67422390       6.8046964
      0.15505600      0.50764289
      0.97604799      0.53404925
      0.37367997       1.5526949
      0.13995200      0.63275657
      0.48670396      0.41835456
      0.51601601      0.36002409
      0.19806400      0.24946760
       1.0481120       2.4066150
      0.35985601      0.80986529
      0.18040000      0.61511557
      0.95582402       6.3706439
      0.40196797       2.2242737
      0.47838399       2.8198925
       1.3179361       4.5711355
      0.22827198      0.29051476
      0.50833595      0.43770128
      0.20433597      0.46328821
      0.65540802       1.9173862
      0.43243197     0.094869410
      0.95083195       9.4657588
      0.39454400      0.62178960
      0.28152001      0.20961920
      0.98103994      0.25054119
      0.35063997      0.34654699
      0.63185602      0.50703070
      0.14379200      0.63683236
       1.1771359       2.1656931
      0.35524800       1.6426191
      0.14660800      0.74216331
      0.15275200      0.66624203
      0.99115199       3.4948819
      0.14379200      0.49366788
      0.38763192       2.0249001
      0.51972801       1.5628012
      0.16427198      0.72839466
      0.48670396       2.4132634
      0.26999995       2.1086681
      0.42014399       2.2134303
      0.24580798      0.80878524
      0.14750400      0.26488693
      0.29111999      0.76733118
      0.29111999      0.70144790
      0.13803199      0.17423300
      0.71275204      0.14918046
      0.17886400      0.76004001
      0.48388800      0.32605756
      0.24427198      0.22822411
      0.59678400       2.2778809
      0.85521597       2.8552493
      0.17886400      0.66440277
      0.62724799      0.97362038
      0.46993601      0.55008555
      0.15851200      0.33196479
      0.21700799      0.76440365
      0.36907199       3.4590167
      0.86660796       2.5160601
      0.16772798      0.62375859
      0.35063997      0.82776433
      0.34820798      0.75861499
      0.79710400      0.22555082
      0.13521600      0.40553713
      0.18475197      0.67413549
      0.29688001      0.97036316
      0.30328000       5.1649783
      0.66475201       1.9363981
      0.12702400      0.62420318
      0.25847998       1.0742898
      0.20433597      0.67716699
      0.44459200      0.90463036
      0.15505600      0.47735836
      0.20267200      0.21965482
       1.2865760       2.3728014
      0.13611201      0.55763938
      0.13905600      0.62942599
      0.22827198      0.67733515
      0.22980799       1.0954305
      0.27383998      0.33729703
      0.37841600      0.93907081
      0.53880000       2.7021599
       1.0696158       2.1755311
      0.43844801      0.39117539
      0.22660798       1.2922482
      0.27959997      0.68594397
      0.91358399       3.2208152
       1.1113440       2.7067952
      0.38763192       2.8649081
      0.58219200      0.60947684
      0.20587200      0.27329654
      0.26999995      0.69368379
      0.45060795       7.0726746
      0.18475197      0.35506069
      0.12113600      0.66293948
      0.64132798      0.30110810
      0.11691199      0.56565070
      0.16542397      0.65428162
      0.76894403       3.1726561
      0.43844801       1.6225649
      0.19806400      0.71943210
      0.24580798      0.26872664
      0.82155204       1.6378330
      0.97604799       1.1859498
      0.35524800      0.78094219
      0.35985601       1.3164342
      0.19358398       1.4221973
       1.0324960       1.4437281
      0.14750400      0.42037359
      0.37367997       1.2008280
      0.96593595       1.6377818
      0.74321598      0.97954113
       1.2545760      0.83144862
      0.27383998       1.3660143
      0.53508800      0.36083918
      0.13905600      0.47188519
      0.35063997      0.70879113
      0.24260798      0.72929854
      0.14660800      0.34489235
      0.20267200      0.45446545
      0.26039997      0.69088319
       1.0117600       2.3691983
      0.86097592       2.5858441
      0.41105598       1.6702243
      0.50065601      0.43955379
      0.46993601      0.43808269
      0.53124797      0.65610713
      0.22187200      0.13606034
      0.12702400      0.53669179
       1.2865760       1.0322179
      0.44151998       1.4524050
      0.81220800       2.9691418
      0.20587200      0.67767765
      0.42935997      0.44229881
      0.25463998      0.69151517
      0.23620798      0.58226288
      0.37598401      0.50124804
      0.36676797       1.1084455
      0.89528000       1.8048312
      0.40196797       2.3616516
      0.55031997       3.4843422
      0.39684802       1.5614557
      0.42935997      0.93370670
      0.50833595      0.85732970
       1.2599520       1.0790260
      0.14750400     0.091425415
      0.47275197       3.0439736
      0.27767995      0.25510230
      0.92599994      0.17533981
      0.16542397      0.19389047
      0.54648000       1.0460791
      0.91985601       1.5973031
      0.31031999      0.42924185
      0.49220800       3.6518486
      0.17220798      0.99918604
      0.70264000       6.7582980
      0.23620798      0.56271070
      0.35755196       3.8443044
      0.47556800      0.86168716
      0.15851200      0.25051609
      0.32695997       2.4572128
      0.11767999      0.59900497
      0.25080001       1.0369615
      0.46161598       1.3446228
      0.80273598       1.5025309
      0.47275197       2.2556527
      0.43537599       2.1748366
      0.15275200      0.48370415
      0.35985601       2.0763578
      0.63659203       9.3474573
      0.20113599      0.37461893
      0.26615998       1.0911074
       1.3588960       1.2210099
      0.22980799      0.88630527
      0.70264000       2.3539231
      0.17451198      0.67222463
      0.72798401       5.1600411
      0.18334401       1.0874643
       1.2545760      0.33696046
      0.51601601      0.50365167
      0.62251198       6.2033262
      0.22340800       1.7519153
      0.11345599      0.25939507
      0.18923199      0.44929284
      0.44459200       2.6661803
      0.89528000      0.20831007
      0.13803199      0.62986168
      0.17335998      0.67367495
      0.33873600      0.67563342
      0.21700799       1.2147099
       1.1232481       1.3164008
      0.23300800      0.72557973
      0.39915198      0.76726180
      0.19947198      0.50924306
      0.39915198      0.54608128
      0.14276800      0.18979721
      0.66014403       2.5774249
      0.12958400      0.52043128
      0.17105600      0.64184348
      0.37137598       3.0421734
      0.26999995       1.4274293
      0.37367997      0.43970532
      0.18769600      0.40529184
       1.2599520      0.72457641
      0.24260798      0.48184759
       1.0273759       1.8352857
      0.27575999      0.43516847
      0.29111999       3.2850345
      0.29303998       1.2445903
      0.84023994       3.1535962
      0.34590399       4.1981591
      0.23467198      0.72067669
      0.12702400      0.28567467
      0.50449592       1.1181847
      0.59678400       1.0505670
       1.1113440      0.53726269
       1.1951840      0.27514539
      0.39915198      0.24131386
      0.21867201      0.46670206
      0.38993597      0.46257376
      0.12868798      0.93551889
      0.21227199      0.20197301
      0.13047999       5.4104575
      0.18769600      0.26561026
      0.45892799       5.7586193
      0.62724799       2.2942003
      0.52356798       2.6882218
      0.24260798      0.17464269
      0.22340800      0.46080245
      0.46161598       1.3307589
       1.2172002      0.27526726
      0.14852800      0.26924772
      0.40798396       1.9494989
      0.17591999      0.31011847
      0.27959997       1.0264749
      0.19652797      0.80900445
      0.96593595       1.5054803
      0.18628800       1.2186064
      0.29879996      0.75754119
      0.19652797       1.4374463
      0.25847998      0.59691275
      0.41412801       2.2583671
      0.30084801       2.3832412
      0.15966399      0.75308032
      0.26999995       2.8560925
      0.27767995       1.5358141
      0.22660798       1.3660443
      0.53508800       1.2802331
      0.39454400      0.27884379
      0.40196797      0.42717324
      0.59678400       3.0847174
      0.56555200       2.8257040
      0.35755196      0.57188815
      0.34590399       4.5412408
      0.16312000       2.6397269
      0.36215994       2.1480105
      0.34116799      0.15393354
      0.36907199      0.49500291
      0.14852800      0.74344296
      0.20753600       1.4633037
      0.48670396       2.8229014
      0.11435200      0.47935732
      0.14750400      0.77128442
      0.12369599      0.55467283
      0.17335998      0.20220721
      0.41720003       7.7433362
       1.3537760      0.35367633
      0.28343999      0.40054828
      0.21867201      0.12863225
      0.43844801      0.11937767
      0.47556800       2.3762205
      0.35985601      0.39724942
      0.37137598       3.9597492
      0.34347200      0.71779036
      0.12791999      0.49382133
       1.2545760       1.3779305
      0.18923199       1.2347600
      0.90104002       6.2567612
      0.32695997      0.61061383
      0.38072002       6.4279886
      0.25847998      0.16722066
      0.26999995      0.58729574
      0.28152001      0.26705153
      0.17105600      0.45761891
      0.30084801       2.0596692
      0.27575999      0.28341889
       1.1232481       1.2200910
      0.32222399       1.5413525
      0.25463998       3.2963776
      0.42321595       1.3916496
      0.50449592       2.5329033
      0.13431999      0.33769388
      0.84484804       1.6492843
       1.0065120       1.8210280
      0.69304001       3.8644399
      0.31505603      0.98940543
      0.60843200       2.0449207
      0.45892799       5.8839226
      0.67896003       5.0524651
      0.16990398      0.63942396
       1.2118241      0.17037933
      0.53124797       3.8563441
      0.99627197       2.2277334
      0.24580798      0.28033197
      0.28343999       1.5508717
      0.25080001       2.1553742
      0.18923199      0.38935269
      0.60369599       2.8757464
      0.48939198       1.0594186
      0.38302398      0.51182161
      0.22187200      0.87846476
       1.1649761       1.3254453
      0.42935997      0.83559989
      0.19806400      0.19902738
       1.1529440       1.4798846
      0.21547198      0.21975123
      0.48388800      0.28606908
      0.28343999      0.84782479
      0.47556800       1.6279066
      0.84958398       3.2701272
      0.17335998       1.1317705
      0.35985601      0.95444412
      0.20267200      0.78279913
      0.31031999      0.85176921
      0.48107198       1.4571705
      0.43243197       3.0423610
      0.59678400      0.64645401
      0.31275201       1.7168998
       1.1232481       2.2542136
      0.89528000      0.22413703
      0.19947198      0.61738221
      0.68830401       3.3203699
      0.18334401      0.43458359
      0.76190400      0.44169569
       1.2652000      0.22176131
      0.38993597      0.17314195
      0.52740800       4.1515404
      0.32222399       1.1512301
      0.23787198      0.51592867
      0.53124797       6.2170458
      0.41105598      0.84397016
      0.45892799      0.83122214
       1.0324960      0.44481377
      0.16312000      0.91866558
      0.65540802       1.1847553
      0.55416000       3.6824150
      0.42014399       1.2360937
      0.14852800      0.24528942
      0.54648000       1.8893805
      0.62251198       2.6936976
      0.15505600      0.27882567
      0.43243197       2.2413285
      0.99115199       2.8703744
       1.1589600      0.70841217
      0.13611201      0.63702318
      0.47556800       1.2022581
      0.39915198      0.56188941
      0.83550400       1.0618725
      0.48670396      0.41133546
      0.17732798      0.39940220
      0.73310399       2.4644479
      0.36215994       1.1495200
      0.48388800       1.6499527
      0.27959997       1.6411952
      0.63185602      0.21415440
      0.40503997       2.0860789
      0.19217600      0.58518812
      0.23620798      0.66647662
      0.41720003       2.5204955
      0.21867201      0.86159800
      0.84023994      0.24179674
      0.17732798      0.22817164
      0.28535998       2.2545288
      0.98103994       2.5548267
      0.17732798       1.3267427
      0.27767995      0.47922655
      0.79006398      0.86124045
      0.50065601       3.0747975
      0.11511999      0.48831682
      0.83550400      0.43227460
      0.23467198      0.64584795
       1.0429920       2.6031800
      0.20907198      0.69763615
      0.70264000       1.1288553
       1.0994400       3.2588000
      0.13611201      0.79171184
      0.46161598      0.16998768
       1.2599520       1.1416077
      0.94481605      0.47161946
       1.3742560      0.21386383
      0.62724799      0.75534314
      0.74321598       7.3676702
      0.33643201       1.2675279
      0.50833595       9.1591942
      0.37598401       1.1643184
      0.34820798      0.53158558
      0.20907198       1.3179716
      0.52740800      0.22659435
      0.95083195       3.0208675
      0.46161598       2.0877397
      0.84484804       3.8855895
      0.30084801      0.78833654
      0.37137598      0.52358294
      0.80747199       6.6480497
      0.21700799      0.29563818
      0.34116799       1.6677360
       1.2973280       3.6516358
      0.33169597      0.40784969
      0.12625599       1.0658740
      0.26424000       5.2899487
      0.16427198      0.56896028
      0.27575999      0.33315553
      0.83089596       2.0533436
      0.69304001       2.2043369
      0.38072002       1.0692795
      0.46724799       1.1336217
       1.2172002       1.0507936
       1.2759520       1.2852720
      0.20587200      0.68951673
      0.13329600       1.0727878
      0.45892799       1.8489364
      0.32926398       1.6220817
      0.34116799      0.19183567
      0.16888000       1.0397399
      0.13329600      0.13683664
      0.88388801       1.4637116
      0.43844801       2.7708401
      0.39454400      0.93814988
      0.11691199      0.40382628
      0.11767999      0.32199906
      0.69304001       2.2427692
      0.22020799      0.72654280
      0.14750400      0.21093096
      0.55031997       9.9354248
      0.35524800       6.0258191
      0.12535998      0.68298549
      0.26999995       1.2177302
      0.41720003      0.55865083
      0.49502402       1.1906209
       1.1469279       1.3898110
      0.22020799       1.4328555
      0.35294399      0.62794451
      0.15044799       6.2369101
      0.13047999       4.6564959
      0.55031997       3.6356659
      0.13611201     0.080829519
      0.25847998       1.0517371
      0.28727999      0.51064574
      0.18334401      0.44197624
      0.32926398      0.17432134
      0.40503997       4.8358299
      0.18628800      0.35237014
      0.31979197       3.2606503
      0.23787198      0.14025642
      0.33399999       3.2098638
      0.52740800       1.9827134
      0.14187199       6.4849837
      0.26808000       6.1239025
      0.47556800      0.90896894
      0.24580798      0.81178410
       1.0994400       1.6437793
       1.1173600      0.13784352
      0.84023994       4.3814269
      0.13329600      0.15379560
      0.34820798      0.15775062
      0.55031997       2.3085441
      0.15851200      0.19512549
      0.68356800      0.31580022
      0.99115199       1.0635024
      0.15160000      0.58441401
      0.39454400       2.3117613
       1.2865760      0.64304350
      0.47838399       2.6568019
      0.19358398       4.7692063
