      0.30328000      0.94889035
       1.2012000       1.4766948
      0.28535998       1.6512070
      0.58219200      0.17296948
       1.2705761       1.3154636
      0.48939198       2.6165354
      0.79006398      0.22420678
      0.22507198       1.4216438
      0.23787198       12.380759
      0.86660796       2.3185922
      0.31505603      0.44709899
      0.73310399      0.48589495
      0.13995200      0.45346255
      0.29879996       1.4990214
      0.28920001       1.3395681
      0.15275200      0.11763741
      0.12369599      0.22162151
      0.68356800      0.74327503
      0.14942400      0.72862705
      0.18923199      0.25653524
      0.38993597      0.18172620
      0.38302398       1.1313025
      0.15160000      0.34538816
      0.28535998      0.89901480
      0.34590399       2.2786964
      0.51601601      0.20233805
      0.36907199      0.63266486
      0.89528000       2.6906033
      0.36907199       1.4356136
      0.25847998      0.15438294
      0.13137600      0.76645577
      0.40196797       2.0952124
      0.98103994       1.0308087
      0.72798401       4.3784345
      0.66014403      0.42992413
       1.0429920      0.12104134
      0.38072002      0.18160183
      0.40798396       1.0307995
       1.3435359      0.80777888
      0.40196797      0.45014163
      0.21547198      0.38495734
      0.16990398      0.62225964
       1.0621920      0.14521933
      0.48388800       3.9351376
      0.51601601      0.21487475
      0.48939198       4.4433315
      0.91358399       3.4246000
      0.15044799      0.55752087
      0.20907198      0.78306166
       1.0221280       1.1167349
      0.11767999      0.24493926
      0.16312000       1.1068480
      0.26231995      0.31928303
      0.17886400      0.62399105
      0.36676797       1.8773189
      0.62251198       3.9076063
      0.11089599      0.39171760
      0.80273598       4.1604016
      0.18769600      0.95299347
      0.73310399       7.4066557
       1.2438240       1.4546567
      0.30328000       1.1766678
      0.41720003       3.9312719
      0.18334401      0.65600682
      0.21700799      0.67022306
      0.26039997      0.29607126
      0.42014399       6.6607955
      0.97105598       2.9857103
      0.24427198      0.88197556
      0.23147197       1.0102959
      0.19358398      0.81410143
      0.35755196       1.1273746
      0.28920001       1.4064536
      0.42628801      0.17153231
      0.13713598      0.85619142
      0.50449592       1.9347524
      0.40798396       2.3943603
      0.18923199      0.21405351
      0.29111999      0.97426586
      0.13611201      0.38906921
      0.85521597      0.19466255
      0.44753596      0.36784349
      0.36907199       1.6386438
      0.15851200      0.25417231
      0.38993597      0.22677109
      0.16312000      0.42430185
      0.64593595      0.29080435
      0.42321595       13.179170
      0.55031997       2.2863413
      0.73310399       2.9075740
       1.1831520      0.27031896
      0.55787200      0.22339980
      0.31505603      0.22562729
      0.37598401       1.3608232
      0.36215994       1.1229997
      0.49771202      0.43825067
      0.18628800      0.21138559
       1.2064480       1.4181754
      0.19806400      0.74587572
      0.12868798      0.17806364
       1.0771680       1.1074901
      0.28343999      0.41232429
      0.16990398      0.31678094
      0.26808000      0.63509234
      0.30084801      0.69085601
       1.2813280      0.94841273
      0.62251198       1.6258275
      0.27383998      0.22601727
      0.13995200      0.62652160
      0.56555200       5.2759328
      0.60369599       5.2095239
      0.37367997       3.5535184
      0.37367997       4.8986635
       1.1173600       1.5631009
      0.18475197      0.76967251
      0.33643201      0.93982575
      0.55031997      0.14365941
      0.35294399      0.83994972
       1.1589600      0.13016423
      0.64593595       4.3827730
       1.2438240      0.89417376
      0.21393600      0.83163836
      0.34590399      0.89523066
      0.19652797      0.88123640
      0.31031999       3.3911475
      0.60843200       1.2967081
      0.26999995      0.10967480
       1.2064480      0.53975417
      0.12446398      0.21023044
       1.2492000       1.5356856
       1.3332961       1.3938928
      0.26039997      0.89669393
      0.34820798      0.32033202
      0.40798396       7.2134096
       1.0481120       1.0355518
      0.19806400       1.1822735
      0.13521600      0.16837653
      0.31505603       1.2375539
      0.16081600      0.47641504
      0.52740800       1.8095986
      0.66475201       3.3150551
      0.12868798      0.19285529
      0.17732798      0.39657054
      0.17220798      0.57981921
      0.21393600      0.10381262
      0.40503997       4.6452238
      0.22980799      0.44093868
      0.62724799      0.73463412
      0.74321598      0.41853220
      0.14558400      0.60790207
      0.14379200      0.18129150
      0.40503997       3.3745574
      0.20907198      0.56125947
      0.12369599      0.66851527
      0.22340800      0.88065183
      0.18334401       1.0221959
      0.21867201      0.33472387
      0.16542397      0.10487667
      0.32452798       1.4703881
      0.17335998      0.68160148
      0.43844801      0.87648495
      0.14276800      0.72736220
      0.59678400       2.1730154
      0.16990398      0.74537201
      0.11179200       1.8078395
      0.29303998      0.70680670
      0.21073601      0.84546497
      0.41720003       8.8997729
      0.64593595      0.33310238
      0.27575999      0.36204427
      0.16081600      0.63421820
      0.51972801       2.8339211
      0.42935997       3.8236617
      0.23147197      0.36697846
      0.59678400       4.9389729
      0.96094394       1.9043369
       1.3281760      0.79074277
      0.55787200       4.0332110
      0.11601599      0.53937304
      0.69304001      0.36161330
      0.42321595       5.3536982
      0.18628800       1.2049017
      0.70264000       2.4261904
      0.55416000       2.8988415
      0.34590399      0.88179866
      0.91358399       5.1692505
      0.61304003      0.79149065
      0.31748798       1.3979015
      0.33169597      0.45921049
      0.17220798      0.62932750
       1.1891680      0.62349939
      0.38993597       1.8677660
      0.69764799       3.6193008
      0.29303998       1.7883241
      0.47275197       1.1164826
      0.15505600      0.69791738
      0.14187199      0.68276394
      0.36446398      0.79894478
       1.1173600      0.84368155
      0.73822397      0.49704324
       1.3537760       1.4157856
      0.13137600      0.95719033
      0.51601601      0.50147108
      0.21073601      0.34166600
      0.38993597       8.1467995
      0.45611197       3.5030729
      0.87812799       3.4826180
      0.52356798       2.4751166
      0.99627197       3.3056701
      0.68356800      0.80931057
      0.28152001      0.95155599
      0.34820798       1.1837971
      0.67422390       5.4054832
      0.85521597       3.3837621
      0.17105600       1.3947382
      0.52740800       4.2593204
      0.21227199      0.73380502
      0.28535998       1.1364409
      0.60843200       3.9965561
      0.38072002       1.0920209
      0.29688001       2.3739765
      0.16542397      0.66832531
      0.72299200       3.8016891
      0.50833595       1.0036987
      0.41720003       1.0912252
      0.18334401      0.26197892
      0.33399999      0.92995209
      0.12024000      0.76871429
      0.45611197       2.9916635
      0.19064000       1.0871243
      0.55787200       4.8080891
      0.56939197       3.4769283
      0.93227190      0.47467006
      0.16196799      0.98660500
      0.16657600      0.49854228
      0.19064000      0.69702524
      0.45611197       3.1590851
      0.15160000       1.6262355
      0.90731198      0.27477305
      0.51601601       3.0102086
      0.19217600      0.85988987
      0.84023994       4.5922366
      0.61304003      0.74089460
      0.19652797      0.21224061
      0.31275201      0.97517522
      0.95083195      0.62255305
      0.52740800       1.6193843
      0.50833595       2.8384454
      0.15505600      0.54830573
      0.28727999       4.5567485
      0.14468798      0.70160146
       1.2759520       1.0579508
      0.28920001      0.69522455
       1.3025760       2.8494374
      0.30801597       1.9052732
      0.51972801      0.24427505
      0.48107198       1.7786785
      0.24900800      0.41475862
      0.41105598       1.5725163
      0.26424000      0.89414184
      0.11601599      0.39558238
      0.95582402      0.96752373
      0.48670396       1.5826744
      0.64593595       3.9677310
      0.71275204       2.8442732
      0.50065601       3.2160106
      0.84023994       7.6703898
      0.49502402       8.2641904
      0.39454400      0.86847300
      0.27767995      0.80093451
       1.0065120       3.2152022
      0.16542397      0.83809383
      0.28535998       1.3160056
      0.13905600      0.56161880
      0.88388801      0.29676648
      0.21073601      0.98599354
      0.39223999      0.51774321
      0.19652797      0.78554835
      0.25847998       1.4582919
      0.34820798       1.3796948
      0.32222399      0.27871790
      0.15620798      0.71039605
      0.27192000       1.8285475
      0.48388800      0.20049805
      0.62724799       5.0641636
       1.1771359       1.7571727
      0.71275204      0.11587656
      0.22340800      0.44020238
      0.17451198      0.67626007
      0.25080001      0.81714905
      0.19217600      0.32497857
      0.11601599      0.68393039
      0.91358399       4.2407568
      0.28152001      0.27725069
      0.12190399      0.11958075
      0.43844801       2.2644301
      0.36907199       2.1865509
      0.30558398       1.4590701
      0.12113600      0.92673578
      0.28343999      0.13782675
      0.23940799      0.95823399
      0.21700799      0.54683546
      0.20753600      0.51679689
      0.34116799       2.6647451
      0.31748798       1.7280207
      0.16542397      0.74698103
      0.23940799      0.15088030
      0.11268799      0.71770437
      0.70763201      0.14559427
      0.14660800      0.24051511
       1.3179361       3.0536780
      0.66948801       3.0474094
      0.70763201       1.2235399
      0.43537599       1.5012659
      0.89528000       5.3087400
      0.34116799       1.7631210
      0.50449592       6.5809562
      0.51217598       2.1999162
      0.14558400      0.73460285
      0.44753596      0.81125247
      0.11601599      0.45455101
      0.28343999       1.7660398
      0.80747199       3.4489093
       1.2705761       2.7059264
      0.90731198       3.0500651
      0.23300800      0.81313826
      0.60843200       2.1688121
       1.1709920       1.7769407
      0.45060795       4.5776621
      0.33873600       1.1269219
      0.15044799      0.28788750
      0.25080001      0.26343820
      0.67422390       7.7558304
      0.15505600      0.60062301
      0.97604799      0.62717460
      0.37367997       1.7881170
      0.13995200      0.74578704
      0.48670396      0.49100458
      0.51601601      0.42303330
      0.19806400      0.29854656
       1.0481120       2.3711654
      0.35985601      0.94504433
      0.18040000      0.72558995
      0.95582402       8.4560638
      0.40196797       2.5411503
      0.47838399       3.1883502
       1.3179361       4.8145031
      0.22827198      0.34676452
      0.50833595      0.51267704
      0.20433597      0.54914084
      0.65540802       2.1680678
      0.43243197      0.11382471
      0.95083195       12.844188
      0.39454400      0.72809953
      0.28152001      0.25113323
      0.98103994      0.30247809
      0.35063997      0.41102305
      0.63185602      0.59101179
      0.14379200      0.75056595
       1.1771359       2.0336959
      0.35524800       1.8919861
      0.14660800      0.87258934
      0.15275200      0.78474059
      0.99115199       4.0921709
      0.14379200      0.58423406
      0.38763192       2.3191248
      0.51972801       1.7807773
      0.16427198      0.85674441
      0.48670396       2.7343266
      0.26999995       2.4306599
      0.42014399       2.5252375
      0.24580798      0.94824066
      0.14750400      0.31647554
      0.29111999      0.89958480
      0.29111999      0.82373814
      0.13803199      0.20918476
      0.71275204      0.18091684
      0.17886400      0.89333719
      0.48388800      0.38441139
      0.24427198      0.27326365
      0.59678400       2.5592650
      0.85521597       3.4019652
      0.17886400      0.78270085
      0.62724799       1.1166525
      0.46993601      0.64282200
      0.15851200      0.39543621
      0.21700799      0.89789024
      0.36907199       3.9315740
      0.86660796       3.0209175
      0.16772798      0.73557577
      0.35063997      0.96601498
      0.34820798      0.88695333
      0.79710400      0.28742053
      0.13521600      0.48130947
      0.18475197      0.79397763
      0.29688001       1.1325177
      0.30328000       5.8643795
      0.66475201       2.1907096
      0.12702400      0.73559853
      0.25847998       1.2526804
      0.20433597      0.79741035
      0.44459200       1.0479968
      0.15505600      0.56535849
      0.20267200      0.26330668
       1.2865760       2.4797996
      0.13611201      0.65852489
      0.13905600      0.74191058
      0.22827198      0.79706182
      0.22980799       1.2781741
      0.27383998      0.40138497
      0.37841600       1.0915169
      0.53880000       3.0415111
       1.0696158       2.0148128
      0.43844801      0.46090456
      0.22660798       1.5038966
      0.27959997      0.80602659
      0.91358399       4.0535555
       1.1113440       2.4693691
      0.38763192       3.2622171
      0.58219200      0.70612153
      0.20587200      0.32662569
      0.26999995      0.81510340
      0.45060795       7.9505326
      0.18475197      0.42266379
      0.12113600      0.78032387
      0.64132798      0.35516991
      0.11691199      0.66729722
      0.16542397      0.77094652
      0.76894403       3.6522236
      0.43844801       1.8588197
      0.19806400      0.84639559
      0.24580798      0.32102676
      0.82155204       1.9759090
      0.97604799       1.3174816
      0.35524800      0.91217910
      0.35985601       1.5218857
      0.19358398       1.6547368
       1.0324960       1.3691607
      0.14750400      0.49881341
      0.37367997       1.3894868
      0.96593595       1.8213141
      0.74321598       1.1542324
       1.2545760      0.78175598
      0.27383998       1.5854998
      0.53508800      0.42356418
      0.13905600      0.55879152
      0.35063997      0.82969203
      0.24260798      0.85672866
      0.14660800      0.41049085
      0.20267200      0.53887650
      0.26039997      0.81204321
       1.0117600       2.4418887
      0.86097592       3.0974275
      0.41105598       1.9164166
      0.50065601      0.51502055
      0.46993601      0.51419619
      0.53124797      0.76118118
      0.22187200      0.16394373
      0.12702400      0.63397668
       1.2865760       1.0545390
      0.44151998       1.6670032
      0.81220800       3.4946211
      0.20587200      0.79796628
      0.42935997      0.52026237
      0.25463998      0.81288204
      0.23620798      0.68690469
      0.37598401      0.58990958
      0.36676797       1.2850621
      0.89528000       2.2156589
      0.40196797       2.6953609
      0.55031997       3.8992890
      0.39684802       1.7956322
      0.42935997       1.0820752
      0.50833595      0.99028262
       1.2599520       1.0633301
      0.14750400      0.11047122
      0.47275197       3.4387223
      0.27767995      0.30483420
      0.92599994      0.23637235
      0.16542397      0.23267870
      0.54648000       1.1998969
      0.91985601       1.9347900
      0.31031999      0.50831041
      0.49220800       4.1057678
      0.17220798       1.1692137
      0.70264000       7.7745540
      0.23620798      0.66424485
      0.35755196       4.3657689
      0.47556800      0.99726558
      0.15851200      0.29961386
      0.32695997       2.8169813
      0.11767999      0.70605017
      0.25080001       1.2101985
      0.46161598       1.5433675
      0.80273598       1.8055089
      0.47275197       2.5616735
      0.43537599       2.4789022
      0.15275200      0.57273029
      0.35985601       2.3812573
      0.63659203       10.928142
      0.20113599      0.44562299
      0.26615998       1.2716497
       1.3588960       1.2685717
      0.22980799       1.0379465
      0.70264000       2.6603075
      0.17451198      0.79175216
      0.72798401       5.7666937
      0.18334401       1.2706894
       1.2545760      0.30133023
      0.51601601      0.58806355
      0.62251198       6.8599342
      0.22340800       2.0294416
      0.11345599      0.30946663
      0.18923199      0.53283225
      0.44459200       3.0259183
      0.89528000      0.28423925
      0.13803199      0.74239939
      0.17335998      0.79342967
      0.33873600      0.79214109
      0.21700799       1.4156551
       1.1232481       1.0472514
      0.23300800      0.85266723
      0.39915198      0.89449400
      0.19947198      0.60269780
      0.39915198      0.64093236
      0.14276800      0.22768923
      0.66014403       2.8956670
      0.12958400      0.61512986
      0.17105600      0.75655032
      0.37137598       3.4643824
      0.26999995       1.6557553
      0.37367997      0.51878772
      0.18769600      0.48145786
       1.2599520      0.67360590
      0.24260798      0.57027607
       1.0273759       1.7275176
      0.27575999      0.51563988
      0.29111999       3.7581131
      0.29303998       1.4461635
      0.84023994       3.7308918
      0.34590399       4.7652018
      0.23467198      0.84696864
      0.12702400      0.34068300
      0.50449592       1.2845513
      0.59678400       1.2007447
       1.1113440      0.46449921
       1.1951840      0.25170167
      0.39915198      0.28713312
      0.21867201      0.55294486
      0.38993597      0.54484787
      0.12868798       1.0957057
      0.21227199      0.24233260
      0.13047999       6.1902418
      0.18769600      0.31755401
      0.45892799       6.4425608
      0.62724799       2.5789903
      0.52356798       3.0303166
      0.24260798      0.20980653
      0.22340800      0.54601706
      0.46161598       1.5277698
       1.2172002      0.25254031
      0.14852800      0.32162269
      0.40798396       2.2312306
      0.17591999      0.36988752
      0.27959997       1.1972036
      0.19652797      0.94986477
      0.96593595       1.6842372
      0.18628800       1.4213443
      0.29879996      0.88821767
      0.19652797       1.6721481
      0.25847998      0.70351201
      0.41412801       2.5768764
      0.30084801       2.7390363
      0.15966399      0.88528551
      0.26999995       3.2769962
      0.27767995       1.7788733
      0.22660798       1.5883555
      0.53508800       1.4631741
      0.39454400      0.33116530
      0.40196797      0.50359361
      0.59678400       3.4448776
      0.56555200       3.1701030
      0.35755196      0.67198538
      0.34590399       5.1481868
      0.16312000       3.0465522
      0.36215994       2.4616498
      0.34116799      0.18467903
      0.36907199      0.58289392
      0.14852800      0.87408547
      0.20753600       1.7010899
      0.48670396       3.1895388
      0.11435200      0.56685008
      0.14750400      0.90627839
      0.12369599      0.65478221
      0.17335998      0.24256979
      0.41720003       8.8328320
       1.3537760      0.36490146
      0.28343999      0.47524377
      0.21867201      0.15508551
      0.43844801      0.14289815
      0.47556800       2.6954736
      0.35985601      0.46985720
      0.37137598       4.4902279
      0.34347200      0.84035403
      0.12791999      0.58412249
       1.2545760       1.3767622
      0.18923199       1.4398445
      0.90104002       8.7175896
      0.32695997      0.71777678
      0.38072002       7.2269087
      0.25847998      0.20094260
      0.26999995      0.69222493
      0.28152001      0.31888942
      0.17105600      0.54245992
      0.30084801       2.3726224
      0.27575999      0.33816483
       1.1232481      0.97742633
      0.32222399       1.7813236
      0.25463998       3.7767625
      0.42321595       1.6007483
      0.50449592       2.8632536
      0.13431999      0.40188890
      0.84484804       2.0053812
       1.0065120       1.8022222
      0.69304001       4.3108439
      0.31505603       1.1531740
      0.60843200       2.3025869
      0.45892799       6.5802993
      0.67896003       5.5984180
      0.16990398      0.75374300
       1.2118241      0.16099660
      0.53124797       4.3156194
      0.99627197       2.2842703
      0.24580798      0.33468569
      0.28343999       1.7957142
      0.25080001       2.4856815
      0.18923199      0.46282900
      0.60369599       3.2151526
      0.48939198       1.2196661
      0.38302398      0.60191334
      0.22187200       1.0291990
       1.1649761       1.0937872
      0.42935997      0.97058416
      0.19806400      0.23887809
       1.1529440       1.2302740
      0.21547198      0.26337010
      0.48388800      0.33797485
      0.28343999      0.99223548
      0.47556800       1.8596435
      0.84958398       3.8709601
      0.17335998       1.3217620
      0.35985601       1.1101706
      0.20267200      0.91953428
      0.31031999      0.99585663
      0.48107198       1.6675605
      0.43243197       3.4486685
      0.59678400      0.74734209
      0.31275201       1.9819092
       1.1232481       2.0027134
      0.89528000      0.30512206
      0.19947198      0.72826268
      0.68830401       3.7158292
      0.18334401      0.51564767
      0.76190400      0.53918503
       1.2652000      0.20459206
      0.38993597      0.20697256
      0.52740800       4.6415820
      0.32222399       1.3374019
      0.23787198      0.60993945
      0.53124797       6.8976536
      0.41105598      0.98128711
      0.45892799      0.96375623
       1.0324960      0.46129547
      0.16312000       1.0764815
      0.65540802       1.3557213
      0.55416000       4.1152223
      0.42014399       1.4253988
      0.14852800      0.29337344
      0.54648000       2.1399844
      0.62251198       3.0172174
      0.15505600      0.33295597
      0.43243197       2.5539526
      0.99115199       3.2321027
       1.1589600      0.59091817
      0.13611201      0.75067148
      0.47556800       1.3817390
      0.39915198      0.65912294
      0.83550400       1.3116633
      0.48670396      0.48291671
      0.17732798      0.47452766
      0.73310399       2.8118461
      0.36215994       1.3321153
      0.48388800       1.8831890
      0.27959997       1.8987403
      0.63185602      0.25368750
      0.40503997       2.3852983
      0.19217600      0.69090536
      0.23620798      0.78434248
      0.41720003       2.8698711
      0.21867201       1.0098879
      0.84023994      0.31633579
      0.17732798      0.27331685
      0.28535998       2.5946636
      0.98103994       2.8332159
      0.17732798       1.5456367
      0.27767995      0.56686427
      0.79006398       1.0483240
      0.50065601       3.4649911
      0.11511999      0.57731129
      0.83550400      0.55383684
      0.23467198      0.76052753
       1.0429920       2.6351628
      0.20907198      0.82097502
      0.70264000       1.3014172
       1.0994400       3.0530307
      0.13611201      0.92976487
      0.46161598      0.20248431
       1.2599520       1.1311139
      0.94481605      0.59410628
       1.3742560      0.21947703
      0.62724799      0.87176620
      0.74321598       8.8405530
      0.33643201       1.4685503
      0.50833595       10.613700
      0.37598401       1.3478578
      0.34820798      0.62580341
      0.20907198       1.5345272
      0.52740800      0.26806134
      0.95083195       3.6649592
      0.46161598       2.3763819
      0.84484804       4.6973796
      0.30084801      0.92356740
      0.37137598      0.61582836
      0.80747199       8.4430669
      0.21700799      0.35285832
      0.34116799       1.9222282
       1.2973280       3.8467158
      0.33169597      0.48286818
      0.12625599       1.2459428
      0.26424000       6.0148764
      0.16427198      0.67197123
      0.27575999      0.39652392
      0.83089596       2.4631338
      0.69304001       2.4919353
      0.38072002       1.2395483
      0.46724799       1.3051749
       1.2172002      0.94548957
       1.2759520       1.3106435
      0.20587200      0.81166165
      0.13329600       1.2540530
      0.45892799       2.1096936
      0.32926398       1.8720491
      0.34116799      0.22956983
      0.16888000       1.2159362
      0.13329600      0.16466790
      0.88388801       1.8120610
      0.43844801       3.1442472
      0.39454400       1.0895631
      0.11691199      0.47887021
      0.11767999      0.38313496
      0.69304001       2.5342945
      0.22020799      0.85409920
      0.14750400      0.25276015
      0.55031997       11.587292
      0.35524800       6.7950005
      0.12535998      0.80369015
      0.26999995       1.4163410
      0.41720003      0.65468892
      0.49502402       1.3668453
       1.1469279       1.1138429
      0.22020799       1.6652530
      0.35294399      0.73670195
      0.15044799       7.1170766
      0.13047999       5.3383872
      0.55031997       4.0654514
      0.13611201     0.097714500
      0.25847998       1.2268409
      0.28727999      0.60325465
      0.18334401      0.52427375
      0.32926398      0.20897116
      0.40503997       5.4530266
      0.18628800      0.41951713
      0.31979197       3.7235641
      0.23787198      0.16890838
      0.33399999       3.6623118
      0.52740800       2.2471598
      0.14187199       7.3985034
      0.26808000       6.9459277
      0.47556800       1.0507967
      0.24580798      0.95169294
       1.0994400       1.3233254
       1.1173600      0.12729243
      0.84023994       5.4211449
      0.13329600      0.18485791
      0.34820798      0.18914292
      0.55031997       2.6035643
      0.15851200      0.23410923
      0.68356800      0.37476643
      0.99115199       1.1440488
      0.15160000      0.68982864
      0.39454400       2.6406305
       1.2865760      0.63363933
      0.47838399       3.0070995
      0.19358398       5.4542385
