      0.30328000       2.0621000
       1.2012000       4.1103000
      0.28535998       3.4970000
      0.58219200      0.38290000
       1.2705761       3.9016000
      0.48939198       5.2099000
      0.79006398      0.49970000
      0.22507198       3.0932000
      0.23787198       29.737100
      0.86660796       4.7031000
      0.31505603       1.0099000
      0.73310399       1.0285000
      0.13995200       1.0897000
      0.29879996       3.1808000
      0.28920001       2.8655000
      0.15275200      0.29510000
      0.12369599      0.55500000
      0.68356800       1.5218000
      0.14942400       1.7005000
      0.18923199      0.61640000
      0.38993597      0.42010000
      0.38302398       2.3892000
      0.15160000      0.83460000
      0.28535998       1.9675000
      0.34590399       4.6706000
      0.51601601      0.45940000
      0.36907199       1.3860000
      0.89528000       5.5670000
      0.36907199       2.9991000
      0.25847998      0.36900000
      0.13137600       1.8060000
      0.40196797       4.2616000
      0.98103994       2.6359000
      0.72798401       8.1549000
      0.66014403      0.90660000
       1.0429920      0.35000000
      0.38072002      0.42050000
      0.40798396       2.1802000
       1.3435359       2.5385000
      0.40196797      0.99910000
      0.21547198      0.89950000
      0.16990398       1.4471000
       1.0621920      0.50340000
      0.48388800       7.6771000
      0.51601601      0.48680000
      0.48939198       8.6218000
      0.91358399       7.2390000
      0.15044799       1.3178000
      0.20907198       1.7686000
       1.0221280       3.0039000
      0.11767999      0.61370000
      0.16312000       2.5101000
      0.26231995      0.74180000
      0.17886400       1.4446000
      0.36676797       3.8671000
      0.62251198       7.2414000
      0.11089599      0.96720000
      0.80273598       7.8404000
      0.18769600       2.1500000
      0.73310399       15.772200
       1.2438240       4.2512000
      0.30328000       2.5265000
      0.41720003       7.7299000
      0.18334401       1.5117000
      0.21700799       1.5215000
      0.26039997      0.69050000
      0.42014399       13.566900
      0.97105598       7.1170000
      0.24427198       1.9539000
      0.23147197       2.2316000
      0.19358398       1.8469000
      0.35755196       2.3936000
      0.28920001       3.0008000
      0.42628801      0.39560000
      0.13713598       1.9986000
      0.50449592       3.9066000
      0.40798396       4.8321000
      0.18923199      0.51790000
      0.29111999       2.1199000
      0.13611201      0.94400000
      0.85521597      0.46210000
      0.44753596      0.82140000
      0.36907199       3.3984000
      0.15851200      0.61980000
      0.38993597      0.52010000
      0.16312000       1.0092000
      0.64593595      0.62430000
      0.42321595       30.749600
      0.55031997       4.4834000
      0.73310399       5.4864000
       1.1831520      0.86210000
      0.55787200      0.49620000
      0.31505603      0.52550000
      0.37598401       2.8474000
      0.36215994       2.3825000
      0.49771202      0.96750000
      0.18628800      0.51230000
       1.2064480       3.9311000
      0.19806400       1.6968000
      0.12868798      0.44780000
       1.0771680       3.0938000
      0.28343999      0.94180000
      0.16990398      0.76100000
      0.26808000       1.4230000
      0.30084801       1.5296000
       1.2813280       2.7236000
      0.62251198       3.1612000
      0.27383998      0.53120000
      0.13995200       1.4821000
      0.56555200       10.043400
      0.60369599       9.7615000
      0.37367997       7.0792000
      0.37367997       9.6432000
       1.1173600       4.3922000
      0.18475197       1.7579000
      0.33643201       2.0262000
      0.55031997      0.32500000
      0.35294399       1.8160000
       1.1589600      0.10250000
      0.64593595       8.1047000
       1.2438240       2.3962000
      0.21393600       1.8686000
      0.34590399       1.9313000
      0.19652797       1.9886000
      0.31031999       6.8898000
      0.60843200       2.5594000
      0.26999995      0.26390000
       1.2064480       1.4900000
      0.12446398      0.52720000
       1.2492000       4.6547000
       1.3332961       4.7285000
      0.26039997       1.9751000
      0.34820798      0.72990000
      0.40798396       15.063400
       1.0481120       2.8752000
      0.19806400       2.6268000
      0.13521600      0.42240000
      0.31505603       2.6411000
      0.16081600       1.1282000
      0.52740800       3.6335000
      0.66475201       6.1879000
      0.12868798      0.48370000
      0.17732798      0.93970000
      0.17220798       1.3517000
      0.21393600      0.25430000
      0.40503997       9.0908000
      0.22980799       1.0184000
      0.62724799       1.5002000
      0.74321598      0.89510000
      0.14558400       1.4350000
      0.14379200      0.45130000
      0.40503997       6.6977000
      0.20907198       1.2901000
      0.12369599       1.5945000
      0.22340800       1.9654000
      0.18334401       2.3026000
      0.21867201      0.78630000
      0.16542397      0.26210000
      0.32452798       3.1006000
      0.17335998       1.5750000
      0.43844801       1.8660000
      0.14276800       1.7049000
      0.59678400       4.1734000
      0.16990398       1.7175000
      0.11179200       4.1674000
      0.29303998       1.5654000
      0.21073601       1.9005000
      0.41720003       19.683700
      0.64593595      0.71070000
      0.27575999      0.83360000
      0.16081600       1.4806000
      0.51972801       5.5706000
      0.42935997       7.5153000
      0.23147197      0.85470000
      0.59678400       9.2188000
      0.96094394       4.4275000
       1.3281760       2.4213000
      0.55787200       7.6483000
      0.11601599       1.3072000
      0.69304001      0.77290000
      0.42321595       10.502600
      0.18628800       2.6885000
      0.70264000       4.6185000
      0.55416000       5.6020000
      0.34590399       1.9040000
      0.91358399       12.939600
      0.61304003       1.6102000
      0.31748798       2.9615000
      0.33169597       1.0318000
      0.17220798       1.4610000
       1.1891680       1.7281000
      0.38993597       3.8303000
      0.69764799       6.7346000
      0.29303998       3.7652000
      0.47275197       2.3362000
      0.15505600       1.6268000
      0.14187199       1.6063000
      0.36446398       1.7283000
       1.1173600       2.4474000
      0.73822397       1.0516000
       1.3537760       4.9868000
      0.13137600       2.2318000
      0.51601601       1.0926000
      0.21073601      0.80420000
      0.38993597       17.681300
      0.45611197       6.8925000
      0.87812799       7.0065000
      0.52356798       4.8923000
      0.99627197       9.3461000
      0.68356800       1.6480000
      0.28152001       2.0777000
      0.34820798       2.5116000
      0.67422390       10.249500
      0.85521597       6.6342000
      0.17105600       3.1147000
      0.52740800       8.1750000
      0.21227199       1.6609000
      0.28535998       2.4549000
      0.60843200       7.4111000
      0.38072002       2.3120000
      0.29688001       4.9249000
      0.16542397       1.5522000
      0.72299200       7.0657000
      0.50833595       2.1044000
      0.41720003       2.2977000
      0.18334401      0.63050000
      0.33399999       2.0073000
      0.12024000       1.8261000
      0.45611197       5.9332000
      0.19064000       2.4332000
      0.55787200       9.1135000
      0.56939197       6.6056000
      0.93227190       1.1960000
      0.16196799       2.2514000
      0.16657600       1.1744000
      0.19064000       1.5961000
      0.45611197       6.2480000
      0.15160000       3.6500000
      0.90731198      0.68930000
      0.51601601       5.9078000
      0.19217600       1.9464000
      0.84023994       9.2723000
      0.61304003       1.5134000
      0.19652797      0.51220000
      0.31275201       2.1105000
      0.95083195       1.5838000
      0.52740800       3.2726000
      0.50833595       5.6054000
      0.15505600       1.2936000
      0.28727999       9.1946000
      0.14468798       1.6454000
       1.2759520       3.0522000
      0.28920001       1.5424000
       1.3025760       10.441300
      0.30801597       3.9826000
      0.51972801      0.54990000
      0.48107198       3.6190000
      0.24900800      0.95520000
      0.41105598       3.2443000
      0.26424000       1.9677000
      0.11601599      0.97260000
      0.95582402       2.3813000
      0.48670396       3.2406000
      0.64593595       7.3397000
      0.71275204       5.3676000
      0.50065601       6.3291000
      0.84023994       17.925800
      0.49502402       17.985600
      0.39454400       1.8592000
      0.27767995       1.7674000
       1.0065120       9.3162000
      0.16542397       1.9243000
      0.28535998       2.8203000
      0.13905600       1.3365000
      0.88388801      0.71580000
      0.21073601       2.1986000
      0.39223999       1.1423000
      0.19652797       1.7833000
      0.25847998       3.1314000
      0.34820798       2.9021000
      0.32222399      0.64260000
      0.15620798       1.6533000
      0.27192000       3.8666000
      0.48388800      0.45830000
      0.62724799       9.4538000
       1.1771359       5.3133000
      0.71275204      0.25950000
      0.22340800       1.0190000
      0.17451198       1.5624000
      0.25080001       1.8142000
      0.19217600      0.77220000
      0.11601599       1.6390000
      0.91358399       9.9623000
      0.28152001      0.64520000
      0.12190399      0.30570000
      0.43844801       4.5648000
      0.36907199       4.4663000
      0.30558398       3.0945000
      0.12113600       2.1809000
      0.28343999      0.32860000
      0.23940799       2.1167000
      0.21700799       1.2548000
      0.20753600       1.1937000
      0.34116799       5.4266000
      0.31748798       3.6200000
      0.16542397       1.7251000
      0.23940799      0.36280000
      0.11268799       1.7205000
      0.70763201      0.32360000
      0.14660800      0.59170000
       1.3179361       11.347800
      0.66948801       5.7150000
      0.70763201       2.4318000
      0.43537599       3.0965000
      0.89528000       12.800700
      0.34116799       3.6661000
      0.50449592       13.368600
      0.51217598       4.3972000
      0.14558400       1.7179000
      0.44753596       1.7339000
      0.11601599       1.1105000
      0.28343999       3.7293000
      0.80747199       6.5057000
       1.2705761       9.7421000
      0.90731198       6.3604000
      0.23300800       1.8162000
      0.60843200       4.1534000
       1.1709920       5.4103000
      0.45060795       8.9081000
      0.33873600       2.4030000
      0.15044799      0.70160000
      0.25080001      0.61900000
      0.67422390       16.320200
      0.15505600       1.4106000
      0.97604799       1.6718000
      0.37367997       3.6874000
      0.13995200       1.7492000
      0.48670396       1.0779000
      0.51601601      0.93010000
      0.19806400      0.71040000
       1.0481120       6.6566000
      0.35985601       2.0262000
      0.18040000       1.6656000
      0.95582402       25.122900
      0.40196797       5.1176000
      0.47838399       6.2895000
       1.3179361       18.224600
      0.22827198      0.81060000
      0.50833595       1.1189000
      0.20433597       1.2661000
      0.65540802       4.1422000
      0.43243197      0.26550000
      0.95083195       38.393300
      0.39454400       1.5750000
      0.28152001      0.58680000
      0.98103994      0.86850000
      0.35063997      0.92500000
      0.63185602       1.2227000
      0.14379200       1.7554000
       1.1771359       6.6595000
      0.35524800       3.9060000
      0.14660800       2.0221000
      0.15275200       1.8210000
      0.99115199       12.201900
      0.14379200       1.3834000
      0.38763192       4.7046000
      0.51972801       3.5907000
      0.16427198       1.9662000
      0.48670396       5.4330000
      0.26999995       5.0729000
      0.42014399       5.0735000
      0.24580798       2.0914000
      0.14750400      0.76950000
      0.29111999       1.9662000
      0.29111999       1.8094000
      0.13803199      0.52000000
      0.71275204      0.39960000
      0.17886400       2.0304000
      0.48388800      0.85480000
      0.24427198      0.64230000
      0.59678400       4.8715000
      0.85521597       6.6695000
      0.17886400       1.7910000
      0.62724799       2.2213000
      0.46993601       1.3910000
      0.15851200      0.94600000
      0.21700799       2.0068000
      0.36907199       7.8027000
      0.86660796       6.0160000
      0.16772798       1.6980000
      0.35063997       2.0726000
      0.34820798       1.9135000
      0.79710400      0.63450000
      0.13521600       1.1569000
      0.18475197       1.8105000
      0.29688001       2.4407000
      0.30328000       11.892500
      0.66475201       4.1841000
      0.12702400       1.7422000
      0.25847998       2.7112000
      0.20433597       1.8029000
      0.44459200       2.2060000
      0.15505600       1.3318000
      0.20267200      0.62870000
       1.2865760       8.8994000
      0.13611201       1.5580000
      0.13905600       1.7416000
      0.22827198       1.7852000
      0.22980799       2.7907000
      0.27383998      0.92000000
      0.37841600       2.3120000
      0.53880000       5.9060000
       1.0696158       5.4849000
      0.43844801       1.0182000
      0.22660798       3.2611000
      0.27959997       1.7772000
      0.91358399       9.3362000
       1.1113440       8.5895000
      0.38763192       6.5064000
      0.58219200       1.4626000
      0.20587200      0.77180000
      0.26999995       1.8003000
      0.45060795       17.112200
      0.18475197      0.99520000
      0.12113600       1.8511000
      0.64132798      0.75530000
      0.11691199       1.5999000
      0.16542397       1.7776000
      0.76894403       6.8220000
      0.43844801       3.7871000
      0.19806400       1.9128000
      0.24580798      0.74900000
      0.82155204       3.8980000
      0.97604799       3.2547000
      0.35524800       1.9617000
      0.35985601       3.1754000
      0.19358398       3.6251000
       1.0324960       3.6244000
      0.14750400       1.1876000
      0.37367997       2.9053000
      0.96593595       4.2854000
      0.74321598       2.3120000
       1.2545760       2.0873000
      0.27383998       3.3749000
      0.53508800      0.92390000
      0.13905600       1.3301000
      0.35063997       1.7960000
      0.24260798       1.9020000
      0.14660800      0.98700000
      0.20267200       1.2445000
      0.26039997       1.7985000
       1.0117600       6.1134000
      0.86097592       6.1258000
      0.41105598       3.9112000
      0.50065601       1.1268000
      0.46993601       1.1269000
      0.53124797       1.6084000
      0.22187200      0.39540000
      0.12702400       1.5123000
       1.2865760       3.0944000
      0.44151998       3.4158000
      0.81220800       6.6082000
      0.20587200       1.8029000
      0.42935997       1.1427000
      0.25463998       1.8032000
      0.23620798       1.5467000
      0.37598401       1.2958000
      0.36676797       2.7027000
      0.89528000       4.6510000
      0.40196797       5.4121000
      0.55031997       7.4345000
      0.39684802       3.6855000
      0.42935997       2.2766000
      0.50833595       2.0780000
       1.2599520       2.9909000
      0.14750400      0.27840000
      0.47275197       6.7609000
      0.27767995      0.70710000
      0.92599994      0.61760000
      0.16542397      0.56730000
      0.54648000       2.4480000
      0.91985601       4.2337000
      0.31031999       1.1418000
      0.49220800       7.9875000
      0.17220798       2.6312000
      0.70264000       16.518200
      0.23620798       1.4984000
      0.35755196       8.6456000
      0.47556800       2.1008000
      0.15851200      0.72570000
      0.32695997       5.7441000
      0.11767999       1.6873000
      0.25080001       2.6303000
      0.46161598       3.1705000
      0.80273598       3.5396000
      0.47275197       5.1131000
      0.43537599       4.9754000
      0.15275200       1.3501000
      0.35985601       4.8533000
      0.63659203       24.026300
      0.20113599       1.0397000
      0.26615998       2.7439000
       1.3588960       4.4022000
      0.22980799       2.2908000
      0.70264000       5.0373000
      0.17451198       1.8145000
      0.72798401       11.353800
      0.18334401       2.8320000
       1.2545760      0.87680000
      0.51601601       1.2698000
      0.62251198       13.814900
      0.22340800       4.3445000
      0.11345599      0.77050000
      0.18923199       1.2379000
      0.44459200       6.0053000
      0.89528000      0.69850000
      0.13803199       1.7439000
      0.17335998       1.8192000
      0.33873600       1.7239000
      0.21700799       3.0912000
       1.1232481       2.9124000
      0.23300800       1.8996000
      0.39915198       1.9101000
      0.19947198       1.3857000
      0.39915198       1.3957000
      0.14276800      0.56260000
      0.66014403       5.4442000
      0.12958400       1.4668000
      0.17105600       1.7409000
      0.37137598       6.9137000
      0.26999995       3.5205000
      0.37367997       1.1482000
      0.18769600       1.1250000
       1.2599520       1.7742000
      0.24260798       1.2944000
       1.0273759       4.4286000
      0.27575999       1.1663000
      0.29111999       7.6418000
      0.29303998       3.0783000
      0.84023994       7.2161000
      0.34590399       9.4415000
      0.23467198       1.8865000
      0.12702400      0.83660000
      0.50449592       2.6566000
      0.59678400       2.3881000
       1.1113440       1.4825000
       1.1951840      0.79290000
      0.39915198      0.65130000
      0.21867201       1.2673000
      0.38993597       1.1992000
      0.12868798       2.5441000
      0.21227199      0.57840000
      0.13047999       13.649000
      0.18769600      0.75670000
      0.45892799       13.001500
      0.62724799       4.8830000
      0.52356798       5.9260000
      0.24260798      0.49850000
      0.22340800       1.2501000
      0.46161598       3.1403000
       1.2172002      0.77680000
      0.14852800      0.78100000
      0.40798396       4.5193000
      0.17591999      0.87990000
      0.27959997       2.5824000
      0.19652797       2.1352000
      0.96593595       3.9926000
      0.18628800       3.1465000
      0.29879996       1.9397000
      0.19652797       3.6567000
      0.25847998       1.5714000
      0.41412801       5.1763000
      0.30084801       5.6382000
      0.15966399       2.0337000
      0.26999995       6.7457000
      0.27767995       3.7607000
      0.22660798       3.4351000
      0.53508800       2.9647000
      0.39454400      0.74700000
      0.40196797       1.1111000
      0.59678400       6.4557000
      0.56555200       6.0633000
      0.35755196       1.4704000
      0.34590399       10.212400
      0.16312000       6.6099000
      0.36215994       5.0061000
      0.34116799      0.43070000
      0.36907199       1.2829000
      0.14852800       2.0229000
      0.20753600       3.6979000
      0.48670396       6.2874000
      0.11435200       1.3723000
      0.14750400       2.0951000
      0.12369599       1.5633000
      0.17335998      0.58820000
      0.41720003       19.504600
       1.3537760       1.1432000
      0.28343999       1.0777000
      0.21867201      0.37510000
      0.43844801      0.33110000
      0.47556800       5.3646000
      0.35985601       1.0482000
      0.37137598       8.8518000
      0.34347200       1.8206000
      0.12791999       1.3980000
       1.2545760       4.0273000
      0.18923199       3.1811000
      0.90104002       22.922600
      0.32695997       1.5753000
      0.38072002       15.130500
      0.25847998      0.47610000
      0.26999995       1.5429000
      0.28152001      0.73760000
      0.17105600       1.2696000
      0.30084801       4.9174000
      0.27575999      0.78110000
       1.1232481       2.7512000
      0.32222399       3.7208000
      0.25463998       7.7648000
      0.42321595       3.2942000
      0.50449592       5.6604000
      0.13431999      0.97480000
      0.84484804       4.0268000
       1.0065120       4.5187000
      0.69304001       7.9926000
      0.31505603       2.4707000
      0.60843200       4.3950000
      0.45892799       13.355700
      0.67896003       10.714000
      0.16990398       1.7358000
       1.2118241      0.46910000
      0.53124797       8.2662000
      0.99627197       5.5216000
      0.24580798      0.77940000
      0.28343999       3.7888000
      0.25080001       5.2152000
      0.18923199       1.0829000
      0.60369599       6.0327000
      0.48939198       2.5359000
      0.38302398       1.3190000
      0.22187200       2.2794000
       1.1649761       2.9264000
      0.42935997       2.0554000
      0.19806400      0.57360000
       1.1529440       3.3560000
      0.21547198      0.62580000
      0.48388800      0.75620000
      0.28343999       2.1605000
      0.47556800       3.7758000
      0.84958398       7.5769000
      0.17335998       2.9554000
      0.35985601       2.3580000
      0.20267200       2.0651000
      0.31031999       2.1541000
      0.48107198       3.4054000
      0.43243197       6.8100000
      0.59678400       1.5307000
      0.31275201       4.1287000
       1.1232481       6.3729000
      0.89528000      0.74670000
      0.19947198       1.6579000
      0.68830401       6.9002000
      0.18334401       1.2030000
      0.76190400       1.1400000
       1.2652000      0.62450000
      0.38993597      0.47630000
      0.52740800       8.9040000
      0.32222399       2.8365000
      0.23787198       1.3815000
      0.53124797       14.133000
      0.41105598       2.0808000
      0.45892799       2.0367000
       1.0324960       1.3921000
      0.16312000       2.4445000
      0.65540802       2.6643000
      0.55416000       7.8107000
      0.42014399       2.9538000
      0.14852800      0.71520000
      0.54648000       4.2195000
      0.62251198       5.6670000
      0.15505600      0.80430000
      0.43243197       5.1200000
      0.99115199       8.8468000
       1.1589600       1.7407000
      0.13611201       1.7647000
      0.47556800       2.8539000
      0.39915198       1.4330000
      0.83550400       2.6950000
      0.48670396       1.0611000
      0.17732798       1.1147000
      0.73310399       5.3161000
      0.36215994       2.7987000
      0.48388800       3.8186000
      0.27959997       3.9991000
      0.63185602      0.54750000
      0.40503997       4.8169000
      0.19217600       1.5818000
      0.23620798       1.7534000
      0.41720003       5.7311000
      0.21867201       2.2417000
      0.84023994      0.72090000
      0.17732798      0.65840000
      0.28535998       5.3753000
      0.98103994       6.8082000
      0.17732798       3.4238000
      0.27767995       1.2751000
      0.79006398       2.1289000
      0.50065601       6.7932000
      0.11511999       1.3956000
      0.83550400       1.2132000
      0.23467198       1.7039000
       1.0429920       7.7847000
      0.20907198       1.8496000
      0.70264000       2.5750000
       1.0994400       11.182800
      0.13611201       2.1634000
      0.46161598      0.46320000
       1.2599520       3.2126000
      0.94481605       1.5016000
       1.3742560      0.71190000
      0.62724799       1.7614000
      0.74321598       19.502000
      0.33643201       3.0873000
      0.50833595       24.091300
      0.37598401       2.8218000
      0.34820798       1.3776000
      0.20907198       3.3496000
      0.52740800      0.59930000
      0.95083195       9.0968000
      0.46161598       4.7668000
      0.84484804       9.6885000
      0.30084801       2.0115000
      0.37137598       1.3506000
      0.80747199       19.162500
      0.21700799      0.82740000
      0.34116799       3.9790000
       1.2973280       14.336700
      0.33169597       1.0821000
      0.12625599       2.8819000
      0.26424000       12.365300
      0.16427198       1.5612000
      0.27575999      0.90900000
      0.83089596       4.8208000
      0.69304001       4.7328000
      0.38072002       2.6051000
      0.46724799       2.7065000
       1.2172002       2.4681000
       1.2759520       3.9176000
      0.20587200       1.8322000
      0.13329600       2.8842000
      0.45892799       4.2599000
      0.32926398       3.8927000
      0.34116799      0.53120000
      0.16888000       2.7362000
      0.13329600      0.41390000
      0.88388801       3.8128000
      0.43844801       6.2327000
      0.39454400       2.3014000
      0.11691199       1.1663000
      0.11767999      0.94220000
      0.69304001       4.8086000
      0.22020799       1.9116000
      0.14750400      0.62030000
      0.55031997       26.171000
      0.35524800       14.007900
      0.12535998       1.8978000
      0.26999995       3.0356000
      0.41720003       1.4210000
      0.49502402       2.8216000
       1.1469279       3.0258000
      0.22020799       3.6029000
      0.35294399       1.6050000
      0.15044799       15.790600
      0.13047999       11.664600
      0.55031997       7.7349000
      0.13611201      0.24870000
      0.25847998       2.6582000
      0.28727999       1.3495000
      0.18334401       1.2221000
      0.32926398      0.48650000
      0.40503997       10.735300
      0.18628800      0.98750000
      0.31979197       7.5096000
      0.23787198      0.40490000
      0.33399999       7.3603000
      0.52740800       4.4576000
      0.14187199       16.627800
      0.26808000       14.669600
      0.47556800       2.2065000
      0.24580798       2.0986000
       1.0994400       3.6210000
       1.1173600      0.43050000
      0.84023994       11.730200
      0.13329600      0.46290000
      0.34820798      0.44010000
      0.55031997       5.0696000
      0.15851200      0.57270000
      0.68356800      0.79830000
      0.99115199       2.9473000
      0.15160000       1.6122000
      0.39454400       5.3147000
       1.2865760       1.7418000
      0.47838399       5.9497000
      0.19358398       11.447700
