      0.30328000      0.66865571
       1.2012000       1.6636965
      0.28535998       1.1938490
      0.58219200      0.11604396
       1.2705761       1.2969706
      0.48939198       2.0066749
      0.79006398      0.13189207
      0.22507198       1.0152540
      0.23787198       8.7903744
      0.86660796       2.0446981
      0.31505603      0.30399032
      0.73310399      0.31088454
      0.13995200      0.30771351
      0.29879996       1.0798823
      0.28920001      0.95933221
      0.15275200     0.076454966
      0.12369599      0.14685315
      0.68356800      0.50842732
      0.14942400      0.50427114
      0.18923199      0.16983874
      0.38993597      0.12051120
      0.38302398      0.81358998
      0.15160000      0.23164716
      0.28535998      0.63108669
      0.34590399       1.6869836
      0.51601601      0.13634460
      0.36907199      0.44026914
      0.89528000       2.6772478
      0.36907199       1.0434276
      0.25847998      0.10085770
      0.13137600      0.53215559
      0.40196797       1.5591897
      0.98103994       1.2015879
      0.72798401       3.4644997
      0.66014403      0.28814097
       1.0429920      0.12603501
      0.38072002      0.12031663
      0.40798396      0.74009278
       1.3435359      0.76462243
      0.40196797      0.30914458
      0.21547198      0.25875091
      0.16990398      0.42728958
       1.0621920      0.15914625
      0.48388800       3.0750555
      0.51601601      0.14507974
      0.48939198       3.4974970
      0.91358399       3.4021946
      0.15044799      0.38134522
      0.20907198      0.54326786
       1.0221280       1.5770741
      0.11767999      0.16295600
      0.16312000      0.77978349
      0.26231995      0.21344522
      0.17886400      0.42839110
      0.36676797       1.3822037
      0.62251198       3.1367560
      0.11089599      0.26524377
      0.80273598       3.3844969
      0.18769600      0.66688418
      0.73310399       5.2779684
       1.2438240       1.4898282
      0.30328000      0.83823701
      0.41720003       3.0216241
      0.18334401      0.45132875
      0.21700799      0.46182482
      0.26039997      0.19735463
      0.42014399       5.2473092
      0.97105598       3.2824137
      0.24427198      0.61700450
      0.23147197      0.71071332
      0.19358398      0.56553888
      0.35755196      0.80782877
      0.28920001       1.0095792
      0.42628801      0.11401763
      0.13713598      0.59704083
      0.50449592       1.4650876
      0.40798396       1.7953854
      0.18923199      0.14090038
      0.29111999      0.68688539
      0.13611201      0.26249634
      0.85521597      0.12191442
      0.44753596      0.25180345
      0.36907199       1.1989419
      0.15851200      0.16854171
      0.38993597      0.15139705
      0.16312000      0.28667036
      0.64593595      0.19297758
      0.42321595       9.2863504
      0.55031997       1.7643970
      0.73310399       2.2205064
       1.1831520      0.36897301
      0.55787200      0.15117626
      0.31505603      0.14942328
      0.37598401      0.98732457
      0.36215994      0.80504554
      0.49771202      0.30436313
      0.18628800      0.13911392
       1.2064480       1.5938552
      0.19806400      0.51598544
      0.12868798      0.11717779
       1.0771680       1.8660919
      0.28343999      0.27873349
      0.16990398      0.21151294
      0.26808000      0.43776726
      0.30084801      0.47884725
       1.2813280      0.94933585
      0.62251198       1.2313342
      0.27383998      0.14934007
      0.13995200      0.43099961
      0.56555200       4.2802584
      0.60369599       4.2686416
      0.37367997       2.6961404
      0.37367997       3.7690759
       1.1173600       2.2206559
      0.18475197      0.53340222
      0.33643201      0.66503282
      0.55031997     0.095871424
      0.35294399      0.59214245
       1.1589600      0.15658014
      0.64593595       3.5215744
       1.2438240       1.0197622
      0.21393600      0.57882372
      0.34590399      0.63266873
      0.19652797      0.61438413
      0.31031999       2.5367544
      0.60843200      0.97130702
      0.26999995     0.071121649
       1.2064480      0.84613016
      0.12446398      0.13907147
       1.2492000       1.5443649
       1.3332961       1.3091425
      0.26039997      0.62849997
      0.34820798      0.21557186
      0.40798396       5.6855204
       1.0481120       1.5783410
      0.19806400      0.83527062
      0.13521600      0.11055028
      0.31505603      0.88542951
      0.16081600      0.32348326
      0.52740800       1.3711821
      0.66475201       2.5969480
      0.12868798      0.12718925
      0.17732798      0.26698835
      0.17220798      0.39685537
      0.21393600     0.067119186
      0.40503997       3.5865810
      0.22980799      0.29828104
      0.62724799      0.52287442
      0.74321598      0.26330916
      0.14558400      0.41749178
      0.14379200      0.11915375
      0.40503997       2.5687218
      0.20907198      0.38337467
      0.12369599      0.46178893
      0.22340800      0.61506277
      0.18334401      0.71759268
      0.21867201      0.22377236
      0.16542397     0.067933787
      0.32452798       1.0626031
      0.17335998      0.46990522
      0.43844801      0.62668471
      0.14276800      0.50352392
      0.59678400       1.6894647
      0.16990398      0.51600541
      0.11179200       1.2988449
      0.29303998      0.49030232
      0.21073601      0.58876036
      0.41720003       6.9022213
      0.64593595      0.22257371
      0.27575999      0.24335082
      0.16081600      0.43603228
      0.51972801       2.1975817
      0.42935997       2.9438266
      0.23147197      0.24636529
      0.59678400       4.0318919
      0.96094394       2.3104316
       1.3281760      0.75003882
      0.55787200       3.2176720
      0.11601599      0.36960769
      0.69304001      0.23256850
      0.42321595       4.1788765
      0.18628800      0.85196673
      0.70264000       1.8248649
      0.55416000       2.2692823
      0.34590399      0.62267605
      0.91358399       4.2341350
      0.61304003      0.57070772
      0.31748798       1.0065840
      0.33169597      0.31321482
      0.17220798      0.43232445
       1.1891680       1.0111026
      0.38993597       1.3796751
      0.69764799       2.8166679
      0.29303998       1.2983637
      0.47275197      0.81422417
      0.15505600      0.48198454
      0.14187199      0.47138037
      0.36446398      0.56255654
       1.1173600       1.4888563
      0.73822397      0.31778359
       1.3537760       1.3402961
      0.13137600      0.67077915
      0.51601601      0.35119378
      0.21073601      0.22851766
      0.38993597       6.3829053
      0.45611197       2.7036075
      0.87812799       3.2940258
      0.52356798       1.9072411
      0.99627197       3.5521355
      0.68356800      0.55762947
      0.28152001      0.66976024
      0.34820798      0.84929461
      0.67422390       4.3687086
      0.85521597       3.0432746
      0.17105600      0.99213945
      0.52740800       3.3793636
      0.21227199      0.50764975
      0.28535998      0.80718504
      0.60843200       3.2220055
      0.38072002      0.78361374
      0.29688001       1.7455462
      0.16542397      0.46047093
      0.72299200       2.9702604
      0.50833595      0.73153456
      0.41720003      0.78716728
      0.18334401      0.17361977
      0.33399999      0.65745835
      0.12024000      0.53429809
      0.45611197       2.2916983
      0.19064000      0.76522895
      0.55787200       3.8721866
      0.56939197       2.7602520
      0.93227190      0.39787287
      0.16196799      0.69166368
      0.16657600      0.33906026
      0.19064000      0.48077954
      0.45611197       2.4262389
      0.15160000       1.1634304
      0.90731198      0.20093127
      0.51601601       2.3395736
      0.19217600      0.59887430
      0.84023994       3.6977874
      0.61304003      0.53172231
      0.19652797      0.13961798
      0.31275201      0.68906641
      0.95083195      0.58035678
      0.52740800       1.2190071
      0.50833595       2.1954787
      0.15505600      0.37467103
      0.28727999       3.4391564
      0.14468798      0.48488056
       1.2759520       1.0580759
      0.28920001      0.48180023
       1.3025760       2.6450437
      0.30801597       1.3897944
      0.51972801      0.16569323
      0.48107198       1.3342352
      0.24900800      0.28008112
      0.41105598       1.1556444
      0.26424000      0.62677276
      0.11601599      0.26773404
      0.95582402      0.99934856
      0.48670396       1.1808556
      0.64593595       3.1674101
      0.71275204       2.1670992
      0.50065601       2.4987823
      0.84023994       5.0398406
      0.49502402       6.5890748
      0.39454400      0.61650927
      0.27767995      0.55875570
       1.0065120       3.5219422
      0.16542397      0.58331916
      0.28535998      0.94143447
      0.13905600      0.38456805
      0.88388801      0.20500772
      0.21073601      0.69158039
      0.39223999      0.35758330
      0.19652797      0.54476370
      0.25847998       1.0461136
      0.34820798      0.99764389
      0.32222399      0.18605506
      0.15620798      0.49096382
      0.27192000       1.3266904
      0.48388800      0.13474929
      0.62724799       4.1260930
       1.1771359       2.0495591
      0.71275204     0.081271797
      0.22340800      0.29766834
      0.17451198      0.46603930
      0.25080001      0.56976588
      0.19217600      0.21693129
      0.11601599      0.47329648
      0.91358399       3.7738840
      0.28152001      0.18450101
      0.12190399     0.078024408
      0.43844801       1.7045477
      0.36907199       1.6220851
      0.30558398       1.0507794
      0.12113600      0.64903004
      0.28343999     0.089863943
      0.23940799      0.67281666
      0.21700799      0.37324356
      0.20753600      0.35165755
      0.34116799       1.9848390
      0.31748798       1.2569458
      0.16542397      0.51723762
      0.23940799     0.098446780
      0.11268799      0.49787212
      0.70763201     0.088516553
      0.14660800      0.15935741
       1.3179361       2.8406742
      0.66948801       2.3683036
      0.70763201      0.86216152
      0.43537599       1.1057083
      0.89528000       4.2154910
      0.34116799       1.2888574
      0.50449592       5.3026090
      0.51217598       1.6802673
      0.14558400      0.50868072
      0.44753596      0.57832036
      0.11601599      0.30932756
      0.28343999       1.2805804
      0.80747199       2.7699051
       1.2705761       2.5457815
      0.90731198       3.1765158
      0.23300800      0.56614273
      0.60843200       1.6836767
       1.1709920       2.1042718
      0.45060795       3.5724219
      0.33873600      0.80530830
      0.15044799      0.19182667
      0.25080001      0.17481067
      0.67422390       5.8426501
      0.15505600      0.41205615
      0.97604799      0.64584034
      0.37367997       1.3148489
      0.13995200      0.51691785
      0.48670396      0.34245635
      0.51601601      0.29369775
      0.19806400      0.19860800
       1.0481120       2.9666158
      0.35985601      0.67105508
      0.18040000      0.50155134
      0.95582402       6.5751642
      0.40196797       1.9082978
      0.47838399       2.4629169
       1.3179361       4.4714545
      0.22827198      0.23223736
      0.50833595      0.35924988
      0.20433597      0.37462632
      0.65540802       1.6532065
      0.43243197     0.074954938
      0.95083195       9.4545009
      0.39454400      0.51193229
      0.28152001      0.16654838
      0.98103994      0.28355873
      0.35063997      0.27956182
      0.63185602      0.41307193
      0.14379200      0.52026650
       1.1771359       2.2843618
      0.35524800       1.3909309
      0.14660800      0.60872027
      0.15275200      0.54480127
      0.99115199       4.0319712
      0.14379200      0.40059503
      0.38763192       1.7302348
      0.51972801       1.3461159
      0.16427198      0.59689844
      0.48670396       2.1003691
      0.26999995       1.7847865
      0.42014399       1.9032646
      0.24580798      0.66578697
      0.14750400      0.21163956
      0.29111999      0.63167208
      0.29111999      0.57582730
      0.13803199      0.13812661
      0.71275204      0.11052245
      0.17886400      0.62339210
      0.48388800      0.26486333
      0.24427198      0.18151616
      0.59678400       2.0102270
      0.85521597       3.0613998
      0.17886400      0.54292342
      0.62724799      0.82031886
      0.46993601      0.45379347
      0.15851200      0.26648226
      0.21700799      0.62735932
      0.36907199       2.9936499
      0.86660796       2.7696893
      0.16772798      0.50895292
      0.35063997      0.68590066
      0.34820798      0.62670323
      0.79710400      0.17115347
      0.13521600      0.32755154
      0.18475197      0.55103162
      0.29688001      0.80473725
      0.30328000       4.4813401
      0.66475201       1.6643299
      0.12702400      0.51001934
      0.25847998      0.89228997
      0.20433597      0.55350315
      0.44459200      0.75778381
      0.15505600      0.38683821
      0.20267200      0.17439540
       1.2865760       2.3187923
      0.13611201      0.45411096
      0.13905600      0.51414237
      0.22827198      0.55422516
      0.22980799      0.90891362
      0.27383998      0.27093825
      0.37841600      0.78299846
      0.53880000       2.3782024
       1.0696158       2.6898646
      0.43844801      0.31841421
      0.22660798       1.0768236
      0.27959997      0.56253983
      0.91358399       3.6855693
       1.1113440       2.9845465
      0.38763192       2.4717160
      0.58219200      0.50728902
      0.20587200      0.21803892
      0.26999995      0.56891811
      0.45060795       6.3182344
      0.18475197      0.28519732
      0.12113600      0.54265611
      0.64132798      0.23899336
      0.11691199      0.46126300
      0.16542397      0.53458777
      0.76894403       2.8722702
      0.43844801       1.3853959
      0.19806400      0.58897566
      0.24580798      0.21451797
      0.82155204       1.5182702
      0.97604799       1.5842092
      0.35524800      0.64609722
      0.35985601       1.1078716
      0.19358398       1.1857639
       1.0324960       2.1020784
      0.14750400      0.33963454
      0.37367997       1.0088805
      0.96593595       2.2394240
      0.74321598      0.80043327
       1.2545760      0.88875041
      0.27383998       1.1432157
      0.53508800      0.29441980
      0.13905600      0.38254975
      0.35063997      0.58435303
      0.24260798      0.59842090
      0.14660800      0.27727835
      0.20267200      0.36727779
      0.26039997      0.56636729
       1.0117600       3.0362449
      0.86097592       2.8003258
      0.41105598       1.4225651
      0.50065601      0.36075216
      0.46993601      0.35867702
      0.53124797      0.54681285
      0.22187200      0.10712910
      0.12702400      0.43680885
       1.2865760       1.0312908
      0.44151998       1.2361512
      0.81220800       2.8366557
      0.20587200      0.55396974
      0.42935997      0.36112931
      0.25463998      0.56678238
      0.23620798      0.47446002
      0.37598401      0.40936957
      0.36676797      0.92837492
      0.89528000       2.1366524
      0.40196797       2.0295952
      0.55031997       3.0987390
      0.39684802       1.3251263
      0.42935997      0.78181630
      0.50833595      0.72115851
       1.2599520       1.1060249
      0.14750400     0.071739281
      0.47275197       2.6623974
      0.27767995      0.20353665
      0.92599994      0.17965804
      0.16542397      0.15377532
      0.54648000      0.88919581
      0.91985601       1.9920842
      0.31031999      0.34746630
      0.49220800       3.2217916
      0.17220798      0.82563552
      0.70264000       5.6269108
      0.23620798      0.45806669
      0.35755196       3.3321286
      0.47556800      0.72279144
      0.15851200      0.19979716
      0.32695997       2.0976748
      0.11767999      0.48915128
      0.25080001      0.86007499
      0.46161598       1.1442388
      0.80273598       1.3260858
      0.47275197       1.9550204
      0.43537599       1.8729683
      0.15275200      0.39215339
      0.35985601       1.7707124
      0.63659203       7.7469551
      0.20113599      0.30117030
      0.26615998      0.90699919
       1.3588960       1.2047386
      0.22980799      0.73099548
      0.70264000       2.0167749
      0.17451198      0.54954472
      0.72798401       4.5950324
      0.18334401      0.90052016
       1.2545760      0.44553986
      0.51601601      0.41544549
      0.62251198       5.6758365
      0.22340800       1.4709600
      0.11345599      0.20764856
      0.18923199      0.36307719
      0.44459200       2.3129343
      0.89528000      0.20175409
      0.13803199      0.51452716
      0.17335998      0.55077672
      0.33873600      0.55567303
      0.21700799       1.0098952
       1.1232481       1.7666402
      0.23300800      0.59503130
      0.39915198      0.63634585
      0.19947198      0.41282133
      0.39915198      0.44782230
      0.14276800      0.15065565
      0.66014403       2.2507709
      0.12958400      0.42318068
      0.17105600      0.52407896
      0.37137598       2.6245269
      0.26999995       1.1958327
      0.37367997      0.35762281
      0.18769600      0.32663090
       1.2599520      0.78180289
      0.24260798      0.39055710
       1.0273759       2.5539493
      0.27575999      0.35200942
      0.29111999       2.8151643
      0.29303998       1.0396964
      0.84023994       3.2423355
      0.34590399       3.6423107
      0.23467198      0.59093513
      0.12702400      0.22892773
      0.50449592      0.94991658
      0.59678400      0.89664445
       1.1113440      0.69303261
       1.1951840      0.33694777
      0.39915198      0.19344995
      0.21867201      0.37764125
      0.38993597      0.37716320
      0.12868798      0.77215276
      0.21227199      0.16011661
      0.13047999       4.6398776
      0.18769600      0.21184002
      0.45892799       5.1204244
      0.62724799       2.0134873
      0.52356798       2.3602582
      0.24260798      0.13815785
      0.22340800      0.37279259
      0.46161598       1.1320387
       1.2172002      0.34539285
      0.14852800      0.21518969
      0.40798396       1.6674836
      0.17591999      0.24835008
      0.27959997      0.85222621
      0.19652797      0.66451581
      0.96593595       2.0381313
      0.18628800       1.0120692
      0.29879996      0.62347891
      0.19652797       1.1988086
      0.25847998      0.48713822
      0.41412801       1.9414756
      0.30084801       2.0269741
      0.15966399      0.61773701
      0.26999995       2.4358204
      0.27767995       1.2897139
      0.22660798       1.1399891
      0.53508800       1.0960924
      0.39454400      0.22424816
      0.40196797      0.34770926
      0.59678400       2.7543477
      0.56555200       2.5012109
      0.35755196      0.46845353
      0.34590399       3.9481342
      0.16312000       2.2312746
      0.36215994       1.8339638
      0.34116799      0.12191163
      0.36907199      0.40393797
      0.14852800      0.60976887
      0.20753600       1.2216192
      0.48670396       2.4688375
      0.11435200      0.38932392
      0.14750400      0.63322933
      0.12369599      0.45190798
      0.17335998      0.16044234
      0.41720003       6.8617708
       1.3537760      0.34997812
      0.28343999      0.32330076
      0.21867201      0.10118534
      0.43844801     0.094658153
      0.47556800       2.0636967
      0.35985601      0.32186322
      0.37137598       3.4402673
      0.34347200      0.59170509
      0.12791999      0.40103491
       1.2545760       1.3913540
      0.18923199       1.0258309
      0.90104002       6.0788560
      0.32695997      0.50015614
      0.38072002       5.6649529
      0.25847998      0.13222598
      0.26999995      0.47922341
      0.28152001      0.21331079
      0.17105600      0.37020939
      0.30084801       1.7451673
      0.27575999      0.22667944
       1.1232481       1.6834171
      0.32222399       1.2986063
      0.25463998       2.8179363
      0.42321595       1.1802353
      0.50449592       2.2136978
      0.13431999      0.27153950
      0.84484804       1.6279034
       1.0065120       2.5716088
      0.69304001       3.4061736
      0.31505603      0.82213238
      0.60843200       1.7945100
      0.45892799       5.2351907
      0.67896003       4.5297418
      0.16990398      0.52206327
       1.2118241      0.19751890
      0.53124797       3.4299031
      0.99627197       2.9481152
      0.24580798      0.22400458
      0.28343999       1.3030687
      0.25080001       1.8229186
      0.18923199      0.31343724
      0.60369599       2.5609175
      0.48939198      0.89678278
      0.38302398      0.41845885
      0.22187200      0.72404116
       1.1649761       1.5994774
      0.42935997      0.69696904
      0.19806400      0.15770825
       1.1529440       1.7763103
      0.21547198      0.17452157
      0.48388800      0.23155180
      0.28343999      0.69993497
      0.47556800       1.3967495
      0.84958398       3.3867652
      0.17335998      0.93818153
      0.35985601      0.79511042
      0.20267200      0.64244299
      0.31031999      0.70419420
      0.48107198       1.2464385
      0.43243197       2.6445643
      0.59678400      0.53967899
      0.31275201       1.4494812
       1.1232481       2.5455374
      0.89528000      0.21800890
      0.19947198      0.50322065
      0.68830401       2.9083540
      0.18334401      0.35094161
      0.76190400      0.34340673
       1.2652000      0.28788450
      0.38993597      0.13778137
      0.52740800       3.6988136
      0.32222399      0.96164982
      0.23787198      0.41894398
      0.53124797       5.6162786
      0.41105598      0.70297830
      0.45892799      0.69517293
       1.0324960      0.55160619
      0.16312000      0.75749408
      0.65540802      0.99594249
      0.55416000       3.2832276
      0.42014399       1.0439028
      0.14852800      0.19564272
      0.54648000       1.6437691
      0.62251198       2.3832294
      0.15505600      0.22294381
      0.43243197       1.9311731
      0.99115199       3.4843544
       1.1589600       1.0076786
      0.13611201      0.52056921
      0.47556800       1.0207792
      0.39915198      0.46121137
      0.83550400      0.97685310
      0.48670396      0.33653064
      0.17732798      0.32187625
      0.73310399       2.1407509
      0.36215994      0.96352283
      0.48388800       1.4178621
      0.27959997       1.3808147
      0.63185602      0.16913099
      0.40503997       1.7871558
      0.19217600      0.47634272
      0.23620798      0.54526107
      0.41720003       2.1745330
      0.21867201      0.70962558
      0.84023994      0.19962915
      0.17732798      0.18145649
      0.28535998       1.9132157
      0.98103994       3.2218263
      0.17732798       1.1041844
      0.27767995      0.38874827
      0.79006398      0.71307651
      0.50065601       2.7022233
      0.11511999      0.39676481
      0.83550400      0.36634539
      0.23467198      0.52785828
       1.0429920       3.1536111
      0.20907198      0.57084206
      0.70264000      0.92408184
       1.0994400       3.5215723
      0.13611201      0.65062435
      0.46161598      0.13578953
       1.2599520       1.1640599
      0.94481605      0.53769806
       1.3742560      0.21197029
      0.62724799      0.62840399
      0.74321598       5.8736151
      0.33643201       1.0632482
      0.50833595       7.8868484
      0.37598401      0.97743151
      0.34820798      0.43416686
      0.20907198       1.0974885
      0.52740800      0.18251353
      0.95083195       3.5899363
      0.46161598       1.8022755
      0.84484804       3.7454097
      0.30084801      0.64969155
      0.37137598      0.42807183
      0.80747199       5.3125655
      0.21700799      0.23636411
      0.34116799       1.4108818
       1.2973280       3.5620242
      0.33169597      0.33011825
      0.12625599      0.88253299
      0.26424000       4.5791267
      0.16427198      0.46311558
      0.27575999      0.26753632
      0.83089596       1.9905762
      0.69304001       1.8859121
      0.38072002      0.89552445
      0.46724799      0.95957237
       1.2172002       1.1713143
       1.2759520       1.2806977
      0.20587200      0.56392775
      0.13329600      0.88828536
      0.45892799       1.5894653
      0.32926398       1.3695576
      0.34116799      0.15255020
      0.16888000      0.86004032
      0.13329600      0.10807791
      0.88388801       1.6236909
      0.43844801       2.4042467
      0.39454400      0.78311625
      0.11691199      0.32651733
      0.11767999      0.25892563
      0.69304001       1.9206480
      0.22020799      0.59549804
      0.14750400      0.16772509
      0.55031997       8.4073577
      0.35524800       5.2848238
      0.12535998      0.55937892
      0.26999995       1.0156388
      0.41720003      0.45911559
      0.49502402       1.0128477
       1.1469279       1.7268536
      0.22020799       1.1966845
      0.35294399      0.51575460
      0.15044799       5.3714101
      0.13047999       3.9800853
      0.55031997       3.2379557
      0.13611201     0.063381028
      0.25847998      0.87302196
      0.28727999      0.41510235
      0.18334401      0.35707356
      0.32926398      0.13827402
      0.40503997       4.2405133
      0.18628800      0.28296576
      0.31979197       2.8016727
      0.23787198      0.11052395
      0.33399999       2.7615475
      0.52740800       1.7238805
      0.14187199       5.5875036
      0.26808000       5.3226787
      0.47556800      0.76395343
      0.24580798      0.66832920
       1.0994400       2.1200894
       1.1173600      0.15190952
      0.84023994       4.0332513
      0.13329600      0.12170168
      0.34820798      0.12503760
      0.55031997       2.0240991
      0.15851200      0.15482757
      0.68356800      0.24382729
      0.99115199       1.4310250
      0.15160000      0.47622662
      0.39454400       1.9840284
       1.2865760      0.66347009
      0.47838399       2.3162753
      0.19358398       4.0900427
